bug#	Dev#	Effort	jdt	jface	core	swt	ui	debug	ltk	text	jdi	search	compare	other
0	70	725.44	333.70	181.36	50.78	29.02	14.51	14.51	36.27	7.25	14.51	7.25	14.51	7.25	
1	23	923.86	517.36	92.39	36.95	46.19	18.48	73.91	27.72	36.95	27.72	9.24	18.48	9.24	
2	56	568.91	85.34	39.82	113.78	68.27	62.58	11.38	39.82	34.13	68.27	17.07	11.38	11.38	
3	57	471.46	80.15	84.86	0.00	127.29	18.86	4.71	70.72	18.86	4.71	23.57	18.86	4.71	
4	43	639.95	44.80	89.59	32.00	172.79	159.99	12.80	25.60	25.60	0.00	32.00	25.60	6.40	
5	72	519.84	72.78	41.59	41.59	88.37	0.00	15.60	0.00	67.58	77.98	10.40	5.20	10.40	
6	39	788.85	307.65	134.10	173.55	7.89	15.78	39.44	15.78	39.44	23.67	0.00	15.78	7.89	
7	9	405.14	101.29	24.31	24.31	36.46	36.46	52.67	24.31	20.26	20.26	0.00	20.26	12.15	
8	3	45.13	1.81	2.71	15.80	8.58	6.32	5.87	0.00	0.90	1.35	0.90	0.00	0.00	
9	58	232.54	65.11	58.14	30.23	16.28	34.88	11.63	6.98	4.65	2.33	2.33	0.00	0.00	
10	10	599.18	317.57	41.94	137.81	17.98	5.99	23.97	23.97	5.99	11.98	5.99	5.99	0.00	
11	14	161.19	11.28	20.95	4.84	16.12	43.52	16.12	20.95	8.06	8.06	6.45	3.22	0.00	
12	8	819.22	253.96	16.38	270.34	65.54	8.19	49.15	32.77	24.58	40.96	16.38	8.19	8.19	
13	6	624.06	205.94	174.74	149.77	6.24	12.48	31.20	12.48	18.72	6.24	0.00	0.00	6.24	
14	30	223.57	109.55	11.18	6.71	11.18	17.89	8.94	33.54	4.47	13.41	2.24	2.24	2.24	
15	10	325.32	58.56	104.10	65.06	52.05	3.25	9.76	13.01	3.25	3.25	6.51	0.00	3.25	
16	54	820.02	73.80	229.61	57.40	90.20	205.01	8.20	41.00	57.40	16.40	8.20	24.60	0.00	
17	74	633.01	348.16	18.99	12.66	75.96	0.00	31.65	0.00	18.99	50.64	12.66	37.98	18.99	
18	38	469.34	14.08	37.55	14.08	206.51	61.01	18.77	23.47	4.69	42.24	14.08	9.39	4.69	
19	56	744.32	297.73	126.53	111.65	29.77	22.33	52.10	59.55	14.89	7.44	14.89	0.00	7.44	
20	21	683.03	252.72	218.57	68.30	47.81	27.32	6.83	13.66	13.66	6.83	6.83	13.66	6.83	
21	0	115.82	59.07	5.79	1.16	12.74	0.00	6.95	13.90	5.79	3.47	1.16	1.16	3.47	
22	22	328.48	167.53	9.85	68.98	29.56	16.42	3.28	6.57	16.42	6.57	0.00	3.28	0.00	
23	29	666.75	13.34	93.35	286.70	86.68	46.67	33.34	46.67	40.01	0.00	13.34	0.00	6.67	
24	46	185.64	107.67	38.98	11.14	1.86	12.99	7.43	0.00	0.00	1.86	0.00	1.86	1.86	
25	64	144.85	72.42	43.45	8.69	2.90	7.24	4.35	1.45	1.45	1.45	1.45	0.00	0.00	
26	29	824.81	189.71	321.68	65.98	82.48	57.74	24.74	41.24	24.74	8.25	8.25	0.00	0.00	
27	12	428.94	81.50	17.16	171.58	60.05	8.58	12.87	12.87	8.58	17.16	0.00	21.45	8.58	
28	67	296.49	38.54	35.58	88.95	29.65	35.58	11.86	23.72	11.86	5.93	8.89	0.00	2.96	
29	76	991.14	406.37	39.65	29.73	79.29	99.11	178.40	99.11	29.73	0.00	0.00	0.00	9.91	
30	23	130.98	69.42	13.10	1.31	26.20	2.62	1.31	2.62	5.24	0.00	5.24	1.31	1.31	
31	45	983.77	186.92	206.59	206.59	98.38	108.21	19.68	78.70	49.19	19.68	0.00	0.00	0.00	
32	31	924.53	249.62	166.41	166.41	0.00	27.74	36.98	92.45	110.94	0.00	27.74	18.49	9.25	
33	61	607.33	18.22	103.25	157.91	91.10	12.15	103.25	6.07	12.15	36.44	30.37	6.07	6.07	
34	27	671.62	147.76	214.92	60.45	120.89	33.58	40.30	20.15	13.43	6.72	0.00	6.72	6.72	
35	62	379.27	30.34	68.27	102.40	87.23	7.59	30.34	22.76	18.96	7.59	0.00	0.00	0.00	
36	73	121.36	70.39	7.28	2.43	8.50	8.50	3.64	3.64	7.28	1.21	3.64	1.21	1.21	
37	8	407.73	85.62	69.31	93.78	28.54	32.62	24.46	16.31	16.31	24.46	8.15	0.00	4.08	
38	19	964.73	173.65	9.65	328.01	106.12	77.18	19.29	77.18	67.53	38.59	0.00	19.29	19.29	
39	26	697.35	320.78	27.89	62.76	167.36	69.74	27.89	0.00	6.97	0.00	0.00	0.00	0.00	
40	57	73.81	0.74	8.86	31.00	14.02	3.69	1.48	3.69	5.90	0.00	2.21	0.74	0.74	
41	51	217.64	8.71	113.17	15.23	23.94	4.35	8.71	2.18	15.23	15.23	2.18	4.35	2.18	
42	24	333.70	136.82	60.07	63.40	6.67	13.35	30.03	0.00	6.67	3.34	3.34	3.34	3.34	
43	65	960.04	28.80	556.82	201.61	96.00	9.60	28.80	19.20	9.60	0.00	9.60	0.00	0.00	
44	42	650.14	162.54	169.04	58.51	13.00	52.01	52.01	45.51	19.50	19.50	13.00	13.00	0.00	
45	31	433.09	220.88	69.29	21.65	30.32	21.65	43.31	12.99	4.33	4.33	0.00	4.33	0.00	
46	32	345.57	0.00	107.13	69.11	38.01	41.47	34.56	3.46	0.00	13.82	20.73	10.37	3.46	
47	39	101.61	26.42	13.21	6.10	14.22	4.06	17.27	7.11	7.11	0.00	3.05	1.02	1.02	
48	20	533.96	160.19	197.56	16.02	16.02	64.07	48.06	10.68	5.34	5.34	0.00	0.00	5.34	
49	46	694.83	83.38	125.07	104.22	13.90	104.22	41.69	76.43	13.90	20.84	34.74	20.84	27.79	
50	39	898.84	17.98	62.92	386.50	116.85	71.91	134.83	35.95	8.99	8.99	0.00	8.99	0.00	
51	2	289.19	141.70	83.86	26.03	11.57	0.00	17.35	0.00	0.00	2.89	0.00	2.89	2.89	
52	20	94.11	16.94	23.53	16.94	13.18	7.53	0.94	7.53	2.82	1.88	0.94	0.94	0.00	
53	47	736.67	235.74	184.17	88.40	73.67	14.73	81.03	29.47	22.10	0.00	0.00	7.37	0.00	
54	61	295.08	56.07	115.08	0.00	5.90	38.36	47.21	8.85	14.75	2.95	0.00	0.00	2.95	
55	44	653.21	45.72	176.37	58.79	71.85	78.39	71.85	58.79	58.79	6.53	19.60	6.53	0.00	
56	27	96.85	50.36	16.47	6.78	13.56	0.97	2.91	2.91	0.97	0.97	0.97	0.00	0.00	
57	77	518.84	254.23	150.46	62.26	15.57	10.38	15.57	5.19	5.19	0.00	0.00	0.00	0.00	
58	67	383.62	42.20	72.89	19.18	15.34	11.51	92.07	19.18	34.53	23.02	19.18	7.67	7.67	
59	37	860.73	249.61	146.32	8.61	17.21	51.64	68.86	25.82	111.89	68.86	17.21	34.43	17.21	
60	69	168.36	15.15	43.77	33.67	23.57	15.15	11.79	15.15	5.05	1.68	1.68	1.68	0.00	
61	75	300.51	36.06	159.27	15.03	18.03	24.04	12.02	15.03	6.01	6.01	3.01	3.01	3.01	
62	51	967.08	309.47	261.11	87.04	96.71	48.35	58.02	9.67	29.01	0.00	29.01	0.00	9.67	
63	28	930.64	204.74	409.48	111.68	74.45	9.31	74.45	27.92	9.31	0.00	0.00	9.31	0.00	
64	15	561.08	252.49	56.11	123.44	78.55	5.61	11.22	5.61	11.22	0.00	11.22	5.61	0.00	
65	53	943.74	66.06	226.50	56.62	28.31	132.12	9.44	245.37	28.31	47.19	37.75	18.87	18.87	
66	28	97.96	39.18	7.84	4.90	1.96	5.88	0.00	10.78	9.80	0.00	0.98	4.90	2.94	
67	71	249.50	14.97	2.50	107.29	47.41	39.92	19.96	2.50	2.50	0.00	0.00	2.50	0.00	
68	49	266.82	13.34	40.02	48.03	40.02	8.00	37.36	18.68	13.34	26.68	10.67	2.67	5.34	
69	34	472.37	75.58	118.09	18.89	75.58	42.51	23.62	9.45	42.51	4.72	28.34	14.17	9.45	
70	34	682.72	13.65	122.89	88.75	170.68	95.58	27.31	47.79	27.31	47.79	20.48	6.83	6.83	
71	76	899.77	278.93	332.91	116.97	53.99	9.00	62.98	9.00	9.00	9.00	9.00	0.00	0.00	
72	7	852.37	221.62	213.09	0.00	153.43	161.95	25.57	34.09	0.00	0.00	17.05	8.52	0.00	
73	45	734.39	308.44	146.88	95.47	66.10	66.10	7.34	0.00	14.69	0.00	0.00	14.69	7.34	
74	55	939.54	291.26	93.95	28.19	159.72	28.19	150.33	75.16	37.58	46.98	0.00	0.00	9.40	
75	20	159.41	23.91	55.79	27.10	12.75	9.56	19.13	0.00	4.78	1.59	0.00	0.00	0.00	
76	63	570.16	34.21	182.45	85.52	28.51	91.23	62.72	51.31	5.70	17.10	0.00	5.70	0.00	
77	9	935.77	28.07	327.52	280.73	46.79	140.37	56.15	9.36	28.07	9.36	0.00	0.00	0.00	
78	50	729.52	211.56	65.66	124.02	124.02	21.89	0.00	36.48	29.18	43.77	29.18	14.59	14.59	
79	59	372.78	167.75	37.28	18.64	33.55	22.37	22.37	44.73	0.00	3.73	11.18	3.73	0.00	
80	21	317.23	117.37	0.00	22.21	34.89	6.34	19.03	31.72	15.86	25.38	15.86	3.17	9.52	
81	71	825.79	330.32	49.55	222.96	66.06	49.55	33.03	0.00	24.77	16.52	8.26	8.26	8.26	
82	54	598.81	173.66	137.73	41.92	119.76	41.92	11.98	41.92	11.98	0.00	11.98	5.99	0.00	
83	7	327.03	189.68	29.43	0.00	39.24	3.27	29.43	3.27	9.81	3.27	9.81	0.00	3.27	
84	13	879.60	325.45	255.08	175.92	8.80	8.80	35.18	17.59	17.59	26.39	0.00	8.80	0.00	
85	21	420.97	113.66	42.10	8.42	117.87	54.73	21.05	12.63	29.47	8.42	8.42	0.00	0.00	
86	28	529.82	31.79	238.42	5.30	10.60	26.49	10.60	105.96	0.00	37.09	21.19	10.60	5.30	
87	67	796.84	39.84	215.15	294.83	135.46	15.94	0.00	31.87	23.91	7.97	23.91	7.97	0.00	
88	48	607.68	285.61	60.77	97.23	36.46	24.31	6.08	60.77	0.00	12.15	12.15	6.08	0.00	
89	60	354.34	205.52	88.58	14.17	28.35	7.09	3.54	3.54	0.00	3.54	0.00	0.00	0.00	
90	64	904.87	171.93	54.29	235.27	99.54	63.34	144.78	27.15	27.15	18.10	9.05	36.19	9.05	
91	63	42.13	10.53	14.32	1.69	2.95	0.84	1.69	2.95	1.26	3.79	0.42	0.42	0.42	
92	10	219.59	61.48	65.88	50.50	4.39	15.37	8.78	8.78	2.20	2.20	0.00	0.00	0.00	
93	26	231.25	115.62	39.31	4.62	32.37	2.31	13.87	6.94	9.25	0.00	0.00	4.62	0.00	
94	65	34.22	18.48	1.71	7.19	0.34	2.40	1.37	0.68	0.00	0.34	0.34	1.03	0.34	
95	76	759.45	326.56	174.67	83.54	60.76	68.35	30.38	7.59	0.00	0.00	0.00	7.59	0.00	
96	58	825.12	297.04	288.79	57.76	24.75	16.50	16.50	41.26	24.75	33.00	8.25	0.00	0.00	
97	35	760.16	83.62	129.23	30.41	106.42	60.81	0.00	60.81	114.02	30.41	15.20	45.61	30.41	
98	47	792.70	428.06	23.78	71.34	79.27	47.56	55.49	7.93	47.56	23.78	7.93	0.00	0.00	
99	26	297.02	142.57	32.67	41.58	47.52	0.00	5.94	14.85	8.91	2.97	0.00	0.00	0.00	
100	33	502.30	140.64	135.62	115.53	45.21	15.07	10.05	20.09	10.05	5.02	5.02	0.00	0.00	
101	54	908.63	345.28	0.00	227.16	63.60	36.35	136.30	63.60	27.26	0.00	9.09	0.00	0.00	
102	31	445.34	17.81	106.88	84.61	53.44	71.25	48.99	4.45	26.72	4.45	4.45	8.91	4.45	
103	30	847.15	135.54	254.14	271.09	101.66	16.94	16.94	16.94	0.00	8.47	8.47	8.47	8.47	
104	9	841.20	143.00	168.24	311.25	84.12	8.41	75.71	0.00	25.24	8.41	0.00	0.00	8.41	
105	72	909.77	227.44	18.20	200.15	9.10	72.78	181.95	118.27	9.10	27.29	18.20	18.20	0.00	
106	9	622.37	118.25	186.71	155.59	12.45	56.01	49.79	18.67	0.00	6.22	6.22	0.00	0.00	
107	1	826.26	247.88	214.83	66.10	99.15	90.89	33.05	0.00	24.79	8.26	24.79	0.00	8.26	
108	73	796.94	334.72	183.30	7.97	79.69	7.97	79.69	7.97	55.79	7.97	7.97	7.97	7.97	
109	64	613.31	110.40	85.86	12.27	30.67	196.26	85.86	24.53	36.80	18.40	6.13	6.13	0.00	
110	12	627.44	188.23	219.60	119.21	31.37	18.82	12.55	25.10	6.27	6.27	0.00	0.00	0.00	
111	61	744.22	7.44	66.98	215.82	163.73	29.77	148.84	7.44	52.10	0.00	7.44	29.77	7.44	
112	54	963.77	221.67	134.93	269.86	115.65	48.19	57.83	0.00	67.46	19.28	0.00	0.00	9.64	
113	29	438.32	4.38	83.28	61.36	61.36	87.66	74.51	30.68	4.38	4.38	13.15	0.00	4.38	
114	77	830.46	274.05	182.70	0.00	116.26	41.52	24.91	0.00	58.13	16.61	16.61	8.30	33.22	
115	75	548.56	246.85	82.28	16.46	60.34	21.94	54.86	0.00	21.94	21.94	10.97	0.00	0.00	
116	58	996.81	348.88	89.71	49.84	269.14	89.71	59.81	19.94	19.94	29.90	0.00	9.97	0.00	
117	56	40.92	0.00	14.73	2.86	13.91	3.68	0.00	1.23	0.00	1.64	0.41	0.82	0.41	
118	48	807.39	40.37	193.77	32.30	129.18	113.03	80.74	32.30	113.03	32.30	16.15	16.15	0.00	
119	58	708.18	141.64	262.03	14.16	84.98	28.33	56.65	28.33	7.08	14.16	28.33	21.25	0.00	
120	53	365.81	117.06	54.87	40.24	25.61	25.61	3.66	0.00	10.97	40.24	21.95	3.66	3.66	
121	26	760.50	288.99	258.57	76.05	22.82	7.61	0.00	0.00	15.21	15.21	15.21	30.42	22.82	
122	46	144.41	37.55	56.32	1.44	8.66	7.22	20.22	8.66	1.44	0.00	1.44	0.00	0.00	
123	24	172.55	69.02	37.96	18.98	17.25	1.73	6.90	3.45	1.73	10.35	3.45	0.00	0.00	
124	75	927.08	268.85	287.39	27.81	64.90	27.81	101.98	37.08	9.27	55.62	9.27	9.27	9.27	
125	3	952.03	495.06	180.89	66.64	19.04	76.16	57.12	28.56	19.04	0.00	0.00	0.00	9.52	
126	51	422.41	202.76	130.95	42.24	12.67	12.67	4.22	4.22	4.22	4.22	4.22	0.00	0.00	
127	4	808.78	218.37	242.64	88.97	16.18	16.18	24.26	16.18	24.26	24.26	24.26	32.35	32.35	
128	26	945.33	529.39	18.91	198.52	9.45	47.27	0.00	47.27	56.72	28.36	9.45	0.00	0.00	
129	34	449.59	152.86	8.99	22.48	71.94	44.96	26.98	40.46	17.98	13.49	26.98	4.50	4.50	
130	72	840.06	75.61	462.03	0.00	67.20	67.20	33.60	16.80	50.40	8.40	16.80	8.40	16.80	
131	28	978.17	567.34	9.78	39.13	68.47	146.73	19.56	29.35	9.78	9.78	48.91	0.00	19.56	
132	64	186.32	85.71	14.91	9.32	0.00	22.36	27.95	7.45	11.18	0.00	1.86	0.00	3.73	
133	72	637.90	376.36	76.55	63.79	31.90	6.38	25.52	0.00	25.52	12.76	6.38	0.00	6.38	
134	7	220.08	101.24	26.41	33.01	11.00	13.21	11.00	4.40	4.40	0.00	0.00	4.40	2.20	
135	74	567.22	62.39	90.75	147.48	11.34	22.69	56.72	5.67	17.02	39.71	28.36	11.34	5.67	
136	3	534.24	299.18	5.34	48.08	0.00	80.14	26.71	5.34	5.34	21.37	10.68	5.34	0.00	
137	22	933.54	270.73	214.71	102.69	9.34	130.70	74.68	18.67	9.34	18.67	28.01	0.00	9.34	
138	26	772.95	440.58	100.48	100.48	54.11	23.19	23.19	7.73	7.73	7.73	7.73	0.00	0.00	
139	72	35.36	18.74	2.83	6.36	1.41	1.41	1.41	1.06	0.35	0.71	0.00	0.71	0.00	
140	63	264.66	87.34	63.52	13.23	44.99	0.00	18.53	0.00	10.59	5.29	2.65	7.94	7.94	
141	60	896.80	331.81	143.49	152.46	98.65	44.84	62.78	8.97	17.94	26.90	0.00	8.97	0.00	
142	1	966.06	28.98	376.76	231.85	9.66	48.30	106.27	77.28	19.32	28.98	9.66	9.66	9.66	
143	3	882.19	44.11	176.44	264.66	167.62	141.15	35.29	17.64	8.82	8.82	8.82	0.00	8.82	
144	12	624.06	43.68	87.37	99.85	12.48	56.17	124.81	62.41	43.68	12.48	12.48	43.68	6.24	
145	61	707.55	233.49	148.59	198.11	21.23	7.08	14.15	21.23	28.30	7.08	21.23	7.08	0.00	
146	50	163.82	81.91	13.11	22.93	21.30	13.11	4.91	1.64	3.28	0.00	1.64	0.00	0.00	
147	1	371.77	174.73	44.61	22.31	66.92	22.31	11.15	3.72	11.15	7.44	0.00	0.00	0.00	
148	48	731.62	190.22	226.80	139.01	73.16	29.26	7.32	14.63	0.00	7.32	7.32	21.95	7.32	
149	49	345.13	6.90	117.34	113.89	24.16	37.96	0.00	10.35	13.81	13.81	0.00	3.45	3.45	
150	19	364.99	76.65	80.30	98.55	14.60	18.25	0.00	14.60	0.00	32.85	3.65	7.30	0.00	
151	37	379.75	140.51	64.56	18.99	22.78	0.00	37.97	34.18	11.39	7.59	15.19	3.80	15.19	
152	77	26.57	9.57	5.31	2.66	1.33	1.59	0.53	1.59	0.80	1.06	0.27	0.80	0.53	
153	54	512.33	66.60	20.49	138.33	122.96	30.74	10.25	46.11	15.37	20.49	5.12	10.25	10.25	
154	69	368.86	110.66	92.22	81.15	11.07	25.82	7.38	11.07	0.00	7.38	7.38	3.69	3.69	
155	0	851.27	297.95	127.69	161.74	25.54	68.10	17.03	59.59	0.00	8.51	34.05	8.51	8.51	
156	50	536.52	177.05	118.03	26.83	80.48	10.73	69.75	16.10	10.73	16.10	5.37	5.37	0.00	
157	0	137.57	50.90	13.76	9.63	11.01	15.13	4.13	11.01	12.38	2.75	2.75	2.75	1.38	
158	2	50.14	28.08	1.00	2.01	3.51	8.52	2.01	0.50	1.00	1.00	0.00	0.50	0.50	
159	52	573.35	68.80	177.74	80.27	11.47	11.47	97.47	28.67	28.67	11.47	17.20	22.93	11.47	
160	8	137.28	5.49	63.15	2.75	6.86	31.57	1.37	16.47	2.75	1.37	0.00	4.12	1.37	
161	34	177.10	69.07	40.73	12.40	31.88	8.86	7.08	0.00	3.54	1.77	0.00	1.77	0.00	
162	1	115.02	8.05	20.70	25.31	26.46	8.05	13.80	1.15	6.90	0.00	2.30	1.15	1.15	
163	43	774.89	271.21	185.97	38.74	23.25	15.50	31.00	46.49	61.99	23.25	23.25	7.75	15.50	
164	40	714.47	264.36	64.30	14.29	100.03	85.74	7.14	57.16	14.29	7.14	28.58	14.29	14.29	
165	1	420.34	84.07	58.85	84.07	42.03	4.20	79.86	8.41	37.83	0.00	8.41	4.20	4.20	
166	72	747.05	440.76	156.88	37.35	67.23	7.47	0.00	14.94	0.00	7.47	7.47	7.47	0.00	
167	48	471.11	98.93	75.38	155.47	32.98	23.56	28.27	18.84	18.84	4.71	4.71	4.71	4.71	
168	0	719.67	14.39	86.36	50.38	179.92	35.98	143.93	57.57	43.18	21.59	28.79	21.59	21.59	
169	1	76.80	16.90	23.04	3.84	0.77	6.14	9.98	1.54	7.68	0.77	1.54	3.07	0.77	
170	35	930.98	530.66	93.10	46.55	46.55	55.86	93.10	27.93	27.93	9.31	0.00	0.00	0.00	
171	52	465.94	237.63	23.30	27.96	41.93	55.91	46.59	9.32	4.66	13.98	4.66	0.00	0.00	
172	55	40.99	15.98	3.28	7.79	4.51	2.46	4.10	0.41	0.82	0.41	0.41	0.41	0.41	
173	25	92.01	10.12	16.56	10.12	16.56	14.72	6.44	7.36	6.44	0.00	1.84	0.92	0.00	
174	69	966.93	290.08	338.43	48.35	29.01	77.35	19.34	0.00	19.34	9.67	58.02	29.01	29.01	
175	56	516.81	180.88	67.19	87.86	46.51	51.68	36.18	0.00	5.17	0.00	10.34	15.50	5.17	
176	44	378.34	79.45	45.40	143.77	7.57	60.53	7.57	15.13	3.78	7.57	3.78	0.00	0.00	
177	7	402.45	209.28	36.22	64.39	16.10	44.27	16.10	12.07	0.00	4.02	0.00	0.00	0.00	
178	34	754.18	422.34	15.08	37.71	90.50	60.33	45.25	15.08	45.25	0.00	0.00	7.54	0.00	
179	33	351.12	49.16	56.18	101.82	87.78	28.09	3.51	14.04	7.02	0.00	0.00	0.00	0.00	
180	11	427.97	4.28	124.11	34.24	29.96	72.75	47.08	17.12	55.64	17.12	4.28	4.28	12.84	
181	24	695.92	215.73	34.80	0.00	34.80	132.22	125.26	55.67	62.63	13.92	6.96	6.96	6.96	
182	23	835.03	233.81	175.36	16.70	217.11	50.10	25.05	25.05	50.10	8.35	25.05	8.35	0.00	
183	56	1.43	0.44	0.23	0.24	0.27	0.06	0.07	0.00	0.01	0.03	0.00	0.03	0.01	
184	33	138.71	72.13	20.81	24.97	2.77	1.39	6.94	2.77	2.77	2.77	0.00	0.00	0.00	
185	62	694.17	340.14	20.83	48.59	55.53	34.71	118.01	13.88	41.65	6.94	0.00	0.00	0.00	
186	68	944.48	170.01	0.00	283.34	198.34	85.00	37.78	37.78	75.56	9.44	28.33	9.44	9.44	
187	41	299.17	71.80	47.87	77.78	14.96	50.86	8.98	14.96	2.99	0.00	2.99	2.99	0.00	
188	23	104.32	20.86	47.99	10.43	15.65	3.13	2.09	0.00	1.04	2.09	1.04	0.00	0.00	
189	52	518.40	51.84	145.15	165.89	62.21	46.66	25.92	5.18	5.18	5.18	0.00	5.18	0.00	
190	27	909.53	36.38	463.86	54.57	90.95	136.43	18.19	63.67	0.00	18.19	0.00	9.10	0.00	
191	75	331.89	99.57	136.07	53.10	26.55	3.32	6.64	3.32	3.32	0.00	0.00	0.00	0.00	
192	28	801.67	72.15	72.15	184.38	120.25	88.18	80.17	8.02	64.13	8.02	8.02	8.02	16.03	
193	25	335.80	120.89	20.15	33.58	50.37	6.72	23.51	43.65	16.79	3.36	6.72	6.72	3.36	
194	45	184.74	53.57	40.64	16.63	29.56	11.08	11.08	1.85	3.69	1.85	3.69	1.85	3.69	
195	3	228.93	109.89	34.34	6.87	16.02	13.74	6.87	6.87	13.74	6.87	4.58	0.00	2.29	
196	23	873.93	262.18	227.22	113.61	122.35	34.96	43.70	17.48	8.74	0.00	8.74	8.74	17.48	
197	13	217.21	0.00	112.95	39.10	0.00	15.20	2.17	15.20	17.38	8.69	0.00	2.17	2.17	
198	36	96.55	55.04	18.35	3.86	11.59	0.97	1.93	2.90	0.00	0.97	0.00	0.97	0.00	
199	73	793.82	198.45	238.15	7.94	23.81	55.57	55.57	31.75	103.20	23.81	15.88	23.81	7.94	
200	35	990.71	168.42	227.86	99.07	217.96	79.26	69.35	79.26	19.81	9.91	9.91	0.00	9.91	
201	64	960.56	220.93	28.82	413.04	134.48	19.21	38.42	19.21	28.82	38.42	0.00	9.61	9.61	
202	39	998.97	279.71	369.62	49.95	49.95	59.94	69.93	59.94	39.96	0.00	9.99	9.99	0.00	
203	71	248.40	32.29	47.20	17.39	27.32	67.07	29.81	4.97	4.97	4.97	0.00	2.48	0.00	
204	39	994.10	139.17	139.17	427.46	0.00	79.53	79.53	9.94	0.00	29.82	39.76	29.82	0.00	
205	18	554.22	138.56	55.42	149.64	11.08	11.08	27.71	5.54	55.42	33.25	16.63	33.25	11.08	
206	54	16.55	4.63	6.29	0.33	1.32	0.99	1.16	0.66	0.50	0.17	0.17	0.17	0.00	
207	19	694.95	62.55	382.22	111.19	13.90	48.65	13.90	41.70	0.00	0.00	0.00	6.95	0.00	
208	1	59.84	18.55	23.94	6.58	5.98	0.00	2.39	0.60	0.60	0.00	0.00	0.60	0.60	
209	9	966.83	357.73	106.35	222.37	67.68	38.67	67.68	48.34	19.34	9.67	9.67	0.00	9.67	
210	39	868.39	43.42	494.99	95.52	86.84	78.16	34.74	17.37	0.00	0.00	8.68	8.68	0.00	
211	77	836.69	418.35	92.04	58.57	92.04	66.94	66.94	8.37	8.37	8.37	8.37	0.00	0.00	
212	29	467.36	210.31	102.82	4.67	14.02	14.02	14.02	14.02	9.35	9.35	28.04	4.67	4.67	
213	15	56.58	21.50	6.79	9.05	1.70	9.62	2.26	1.13	0.00	0.57	1.13	1.13	0.00	
214	49	427.64	59.87	136.85	89.81	25.66	25.66	42.76	8.55	8.55	8.55	12.83	4.28	4.28	
215	68	25.90	8.81	0.52	1.04	1.55	6.99	0.78	3.63	1.04	1.04	0.26	0.00	0.26	
216	2	280.09	159.65	39.21	30.81	0.00	14.00	2.80	2.80	0.00	11.20	5.60	5.60	2.80	
217	63	593.34	142.40	249.20	94.93	41.53	17.80	5.93	5.93	5.93	11.87	11.87	5.93	0.00	
218	2	175.99	49.28	44.00	0.00	5.28	7.04	28.16	0.00	1.76	21.12	5.28	5.28	1.76	
219	46	830.36	215.89	141.16	182.68	33.21	116.25	16.61	41.52	16.61	16.61	33.21	8.30	0.00	
220	36	789.66	268.49	86.86	39.48	157.93	78.97	39.48	31.59	31.59	23.69	7.90	7.90	7.90	
221	43	680.70	224.63	142.95	68.07	47.65	6.81	88.49	6.81	34.04	6.81	27.23	13.61	6.81	
222	63	561.46	202.13	78.60	84.22	72.99	11.23	56.15	16.84	0.00	11.23	11.23	0.00	5.61	
223	48	25.12	11.55	8.29	0.75	2.01	0.75	0.25	0.25	0.75	0.25	0.25	0.00	0.00	
224	25	972.61	106.99	311.23	175.07	87.53	145.89	29.18	38.90	38.90	9.73	0.00	9.73	9.73	
225	51	252.95	68.30	5.06	10.12	35.41	60.71	15.18	17.71	5.06	10.12	0.00	10.12	5.06	
226	62	459.88	160.96	27.59	55.19	82.78	9.20	22.99	27.59	4.60	32.19	22.99	0.00	0.00	
227	53	226.03	81.37	29.38	42.95	6.78	4.52	24.86	18.08	6.78	2.26	0.00	4.52	2.26	
228	20	447.89	26.87	85.10	152.28	67.18	53.75	22.39	17.92	8.96	4.48	4.48	0.00	0.00	
229	18	803.20	425.70	56.22	32.13	104.42	64.26	56.22	8.03	24.10	24.10	8.03	0.00	0.00	
230	44	476.75	262.21	66.75	4.77	57.21	14.30	23.84	4.77	14.30	4.77	4.77	0.00	0.00	
231	67	284.59	5.69	110.99	22.77	37.00	39.84	5.69	11.38	2.85	8.54	8.54	8.54	2.85	
232	67	506.31	172.14	65.82	86.07	55.69	10.13	40.50	45.57	5.06	10.13	10.13	0.00	0.00	
233	69	74.30	17.83	2.97	12.63	15.60	2.97	11.89	0.74	3.71	3.71	0.00	0.74	0.74	
234	26	706.11	42.37	233.02	162.41	28.24	105.92	7.06	42.37	49.43	14.12	14.12	0.00	7.06	
235	29	61.01	27.45	10.98	7.32	4.88	0.61	0.61	3.05	1.22	2.44	0.61	1.22	0.61	
236	66	709.65	390.30	49.68	156.12	14.19	14.19	28.39	21.29	0.00	21.29	0.00	7.10	7.10	
237	55	112.97	66.65	25.98	3.39	5.65	4.52	0.00	0.00	0.00	2.26	1.13	0.00	1.13	
238	29	786.43	31.46	298.84	23.59	204.47	23.59	117.96	7.86	31.46	7.86	7.86	7.86	0.00	
239	23	283.16	161.40	28.32	19.82	11.33	22.65	11.33	16.99	8.49	2.83	0.00	0.00	0.00	
240	44	328.07	13.12	13.12	22.97	29.53	52.49	104.98	29.53	9.84	9.84	16.40	0.00	3.28	
241	72	850.39	212.60	85.04	212.60	59.53	85.04	68.03	17.01	25.51	0.00	17.01	0.00	17.01	
242	31	661.30	145.49	138.87	85.97	72.74	52.90	13.23	59.52	0.00	26.45	19.84	6.61	6.61	
243	8	883.42	238.52	150.18	141.35	106.01	106.01	17.67	35.34	35.34	8.83	17.67	0.00	17.67	
244	69	498.33	109.63	14.95	0.00	149.50	9.97	39.87	4.98	29.90	0.00	24.92	34.88	14.95	
245	1	228.73	75.48	57.18	27.45	22.87	9.15	0.00	6.86	18.30	2.29	2.29	0.00	2.29	
246	65	363.40	98.12	58.14	94.48	7.27	10.90	50.88	25.44	3.63	3.63	3.63	0.00	3.63	
247	44	484.10	188.80	53.25	72.62	19.36	33.89	67.77	4.84	9.68	14.52	0.00	4.84	4.84	
248	24	443.45	53.21	35.48	119.73	115.30	66.52	4.43	4.43	8.87	13.30	4.43	8.87	0.00	
249	65	843.60	42.18	25.31	143.41	33.74	210.90	92.80	42.18	101.23	42.18	59.05	33.74	8.44	
250	72	395.51	154.25	118.65	43.51	31.64	19.78	11.87	3.96	7.91	3.96	0.00	0.00	0.00	
251	43	573.87	195.12	5.74	86.08	68.86	40.17	80.34	5.74	17.22	0.00	40.17	0.00	5.74	
252	65	396.44	154.61	27.75	23.79	11.89	7.93	91.18	47.57	19.82	7.93	3.96	0.00	0.00	
253	19	116.11	23.22	13.93	16.26	11.61	24.38	3.48	6.97	2.32	5.81	3.48	0.00	0.00	
254	54	880.67	184.94	228.97	0.00	8.81	184.94	0.00	167.33	0.00	35.23	26.42	17.61	8.81	
255	1	383.68	103.59	61.39	42.20	23.02	26.86	23.02	42.20	11.51	19.18	15.35	3.84	3.84	
256	67	15.80	7.58	4.42	0.63	0.95	0.47	0.79	0.63	0.16	0.16	0.00	0.00	0.00	
257	47	145.99	35.04	36.50	43.80	11.68	2.92	2.92	2.92	1.46	2.92	4.38	1.46	0.00	
258	20	596.01	137.08	178.80	17.88	11.92	77.48	0.00	11.92	11.92	71.52	0.00	47.68	5.96	
259	77	530.10	42.41	31.81	10.60	100.72	137.83	37.11	79.51	0.00	21.20	26.50	0.00	10.60	
260	31	70.12	32.95	0.00	4.91	0.70	7.01	4.91	2.10	0.70	1.40	2.10	7.71	3.51	
261	22	628.68	251.47	220.04	69.15	31.43	6.29	0.00	25.15	18.86	6.29	0.00	0.00	0.00	
262	18	291.26	107.77	37.86	87.38	5.83	2.91	5.83	14.56	5.83	5.83	8.74	2.91	2.91	
263	36	147.37	38.32	14.74	54.53	16.21	5.89	7.37	1.47	1.47	1.47	2.95	1.47	1.47	
264	58	1.92	0.36	0.31	0.10	0.44	0.31	0.17	0.08	0.04	0.02	0.02	0.00	0.00	
265	38	544.49	49.00	157.90	114.34	87.12	38.11	38.11	10.89	16.33	5.44	10.89	10.89	5.44	
266	50	322.15	0.00	67.65	28.99	86.98	6.44	51.54	38.66	6.44	3.22	12.89	6.44	9.66	
267	18	476.51	76.24	81.01	76.24	90.54	4.77	71.48	38.12	0.00	14.30	14.30	4.77	0.00	
268	6	657.77	26.31	223.64	164.44	92.09	46.04	52.62	6.58	19.73	0.00	19.73	0.00	0.00	
269	2	746.92	358.52	44.82	37.35	97.10	74.69	29.88	14.94	14.94	29.88	29.88	7.47	0.00	
270	8	603.30	156.86	72.40	48.26	66.36	78.43	42.23	54.30	18.10	12.07	12.07	0.00	18.10	
271	38	720.62	100.89	28.82	172.95	72.06	115.30	93.68	7.21	14.41	7.21	14.41	28.82	21.62	
272	65	992.02	357.13	218.25	89.28	89.28	119.04	29.76	49.60	9.92	0.00	9.92	9.92	9.92	
273	54	89.83	17.07	26.05	23.36	9.88	3.59	2.69	2.69	0.90	1.80	0.90	0.90	0.00	
274	12	202.04	32.33	56.57	40.41	14.14	22.22	2.02	4.04	4.04	12.12	6.06	6.06	0.00	
275	62	410.22	188.70	110.76	32.82	12.31	8.20	28.72	4.10	12.31	4.10	0.00	0.00	4.10	
276	19	915.96	357.22	73.28	238.15	82.44	18.32	18.32	36.64	45.80	9.16	27.48	0.00	9.16	
277	68	339.60	6.79	54.34	6.79	61.13	33.96	47.54	0.00	23.77	20.38	40.75	16.98	3.40	
278	61	555.86	88.94	83.38	205.67	50.03	66.70	16.68	5.56	22.23	5.56	5.56	0.00	0.00	
279	20	550.61	308.34	66.07	38.54	44.05	38.54	11.01	0.00	0.00	5.51	5.51	16.52	5.51	
280	60	672.14	322.63	6.72	73.94	47.05	73.94	26.89	13.44	13.44	60.49	6.72	6.72	0.00	
281	51	818.78	106.44	425.77	106.44	32.75	90.07	8.19	16.38	16.38	8.19	8.19	0.00	0.00	
282	33	301.38	45.21	60.28	93.43	0.00	63.29	9.04	15.07	0.00	9.04	3.01	0.00	3.01	
283	48	445.37	240.50	35.63	17.81	40.08	4.45	26.72	0.00	48.99	0.00	4.45	4.45	13.36	
284	67	165.28	62.81	1.65	59.50	16.53	3.31	4.96	1.65	3.31	3.31	0.00	0.00	3.31	
285	56	521.51	99.09	46.94	10.43	20.86	114.73	57.37	67.80	20.86	10.43	20.86	15.65	10.43	
286	25	50.86	17.29	10.68	9.66	3.05	2.03	0.51	0.51	2.54	1.53	1.53	0.00	0.51	
287	37	306.02	107.11	6.12	97.93	27.54	6.12	12.24	21.42	15.30	9.18	3.06	0.00	0.00	
288	55	576.83	115.37	190.35	74.99	74.99	5.77	5.77	17.30	17.30	17.30	0.00	34.61	11.54	
289	3	328.61	85.44	115.01	39.43	52.58	9.86	3.29	9.86	9.86	3.29	0.00	0.00	0.00	
290	38	144.97	11.60	30.44	28.99	8.70	23.19	5.80	2.90	8.70	2.90	5.80	1.45	1.45	
291	49	567.36	28.37	96.45	260.99	68.08	11.35	34.04	11.35	0.00	34.04	17.02	5.67	0.00	
292	18	329.39	167.99	16.47	69.17	42.82	0.00	6.59	13.18	9.88	3.29	0.00	0.00	0.00	
293	2	932.04	205.05	139.81	27.96	139.81	111.85	74.56	74.56	27.96	37.28	37.28	9.32	27.96	
294	34	446.74	26.80	138.49	62.54	84.88	40.21	13.40	17.87	13.40	17.87	13.40	0.00	0.00	
295	52	231.25	83.25	39.31	13.88	39.31	20.81	16.19	6.94	4.63	0.00	2.31	2.31	0.00	
296	63	50.24	5.53	14.07	7.03	2.01	6.53	4.02	3.52	1.51	1.00	2.01	1.00	0.50	
297	0	153.18	55.14	53.61	4.60	10.72	9.19	4.60	6.13	3.06	0.00	4.60	0.00	1.53	
298	46	621.22	192.58	6.21	55.91	105.61	80.76	24.85	37.27	55.91	0.00	24.85	0.00	18.64	
299	46	558.87	89.42	240.31	111.77	0.00	27.94	5.59	16.77	16.77	33.53	11.18	5.59	0.00	
300	22	610.09	146.42	183.03	6.10	103.72	30.50	73.21	6.10	0.00	12.20	30.50	12.20	0.00	
301	13	508.62	35.60	10.17	183.10	55.95	81.38	25.43	15.26	45.78	0.00	20.34	10.17	10.17	
302	7	69.16	27.66	13.83	10.37	1.38	4.84	0.69	3.46	1.38	2.07	1.38	0.69	0.00	
303	12	22.06	4.41	0.44	2.87	6.84	4.41	0.88	0.44	0.88	0.00	0.00	0.22	0.44	
304	27	583.42	64.18	17.50	145.86	46.67	87.51	75.85	11.67	58.34	0.00	5.83	23.34	11.67	
305	21	139.84	12.59	13.98	50.34	12.59	16.78	20.98	2.80	1.40	4.20	1.40	0.00	1.40	
306	24	750.45	150.09	60.04	247.65	165.10	37.52	22.51	30.02	22.51	7.50	0.00	0.00	0.00	
307	7	609.20	60.92	134.02	54.83	188.85	48.74	6.09	67.01	18.28	6.09	0.00	0.00	6.09	
308	63	591.38	236.55	17.74	11.83	88.71	88.71	47.31	11.83	23.66	29.57	11.83	5.91	0.00	
309	62	579.32	121.66	156.42	57.93	34.76	63.73	34.76	17.38	0.00	17.38	0.00	34.76	11.59	
310	31	544.22	81.63	54.42	76.19	16.33	87.07	48.98	43.54	43.54	43.54	32.65	0.00	10.88	
311	4	359.12	17.96	82.60	93.37	25.14	7.18	17.96	35.91	10.77	7.18	10.77	25.14	10.77	
312	36	945.88	293.22	37.84	359.43	9.46	85.13	9.46	37.84	9.46	18.92	9.46	28.38	18.92	
313	19	276.30	82.89	5.53	96.71	16.58	27.63	8.29	2.76	13.82	5.53	0.00	2.76	5.53	
314	43	547.03	131.29	131.29	76.58	54.70	60.17	27.35	27.35	16.41	10.94	5.47	5.47	0.00	
315	50	368.79	84.82	103.26	73.76	25.82	14.75	14.75	0.00	11.06	18.44	7.38	0.00	3.69	
316	37	815.52	252.81	40.78	195.72	89.71	32.62	24.47	73.40	8.16	8.16	40.78	8.16	16.31	
317	76	348.82	115.11	90.69	87.20	20.93	3.49	3.49	10.46	6.98	6.98	3.49	0.00	0.00	
318	77	809.84	388.72	121.48	48.59	64.79	72.89	72.89	8.10	24.30	8.10	0.00	0.00	0.00	
319	55	486.38	116.73	111.87	136.19	9.73	53.50	0.00	34.05	14.59	4.86	4.86	0.00	0.00	
320	36	779.38	280.58	15.59	101.32	210.43	23.38	15.59	46.76	31.18	0.00	15.59	15.59	7.79	
321	71	666.78	313.39	140.02	33.34	86.68	20.00	0.00	40.01	6.67	6.67	0.00	13.34	6.67	
322	2	456.19	0.00	4.56	82.11	77.55	86.68	27.37	91.24	27.37	22.81	18.25	4.56	4.56	
323	65	460.59	64.48	87.51	36.85	55.27	124.36	9.21	18.42	18.42	27.64	0.00	9.21	0.00	
324	57	124.03	26.05	12.40	48.37	2.48	8.68	7.44	8.68	1.24	2.48	2.48	1.24	0.00	
325	12	102.01	1.02	55.08	15.30	6.12	7.14	7.14	1.02	2.04	1.02	0.00	1.02	3.06	
326	74	910.58	191.22	109.27	227.64	18.21	36.42	36.42	127.48	81.95	0.00	54.63	9.11	9.11	
327	67	470.88	103.59	80.05	65.92	42.38	56.51	47.09	23.54	4.71	9.42	9.42	0.00	18.84	
328	40	571.95	337.45	5.72	68.63	34.32	40.04	22.88	22.88	5.72	11.44	5.72	5.72	0.00	
329	67	606.55	230.49	145.57	24.26	24.26	42.46	36.39	24.26	48.52	6.07	12.13	0.00	6.07	
330	0	95.78	4.79	40.23	11.49	12.45	15.32	0.96	1.92	1.92	2.87	0.96	0.96	0.00	
331	40	709.94	42.60	234.28	7.10	63.89	85.19	78.09	21.30	85.19	7.10	21.30	35.50	7.10	
332	31	306.67	168.67	3.07	46.00	55.20	9.20	3.07	9.20	3.07	3.07	0.00	3.07	3.07	
333	24	699.34	258.76	132.87	153.85	90.91	20.98	0.00	6.99	13.99	6.99	0.00	0.00	6.99	
334	12	931.39	335.30	204.91	46.57	9.31	93.14	46.57	55.88	46.57	55.88	9.31	18.63	9.31	
335	3	30.70	11.05	3.07	0.92	0.31	3.99	2.76	2.46	1.23	1.23	0.31	0.61	0.31	
336	37	179.98	79.19	39.60	27.00	3.60	7.20	12.60	0.00	5.40	0.00	1.80	1.80	0.00	
337	13	954.19	85.88	76.33	333.97	104.96	9.54	19.08	114.50	76.33	0.00	47.71	28.63	38.17	
338	44	283.45	31.18	93.54	42.52	28.35	25.51	11.34	2.83	8.50	25.51	5.67	2.83	2.83	
339	47	604.82	332.65	84.68	90.72	60.48	12.10	12.10	0.00	0.00	0.00	0.00	6.05	6.05	
340	41	851.23	212.81	102.15	195.78	187.27	17.02	76.61	25.54	8.51	8.51	0.00	8.51	8.51	
341	51	188.26	28.24	37.65	69.66	22.59	3.77	3.77	3.77	3.77	7.53	3.77	1.88	1.88	
342	53	675.92	162.22	236.57	87.87	0.00	6.76	54.07	40.56	6.76	20.28	20.28	20.28	13.52	
343	67	67.83	7.46	8.14	26.45	9.50	3.39	5.43	2.71	0.68	0.68	2.03	0.68	0.68	
344	4	316.49	110.77	72.79	79.12	18.99	15.82	0.00	3.16	0.00	0.00	6.33	0.00	6.33	
345	77	250.72	2.51	42.62	42.62	57.67	17.55	20.06	15.04	30.09	5.01	5.01	0.00	5.01	
346	43	579.85	208.75	28.99	168.16	69.58	40.59	0.00	34.79	0.00	0.00	0.00	0.00	11.60	
347	15	748.06	314.19	29.92	89.77	37.40	67.33	82.29	52.36	44.88	7.48	0.00	0.00	7.48	
348	14	837.21	92.09	25.12	33.49	100.47	276.28	66.98	66.98	16.74	33.49	33.49	8.37	8.37	
349	35	604.84	120.97	290.32	84.68	42.34	30.24	12.10	18.15	6.05	0.00	0.00	0.00	0.00	
350	8	944.65	245.61	56.68	283.39	66.13	56.68	9.45	47.23	75.57	37.79	18.89	9.45	9.45	
351	1	292.68	105.36	96.58	26.34	20.49	5.85	20.49	0.00	2.93	2.93	2.93	2.93	2.93	
352	69	673.50	148.17	127.97	188.58	33.68	33.68	47.15	20.21	33.68	13.47	6.74	13.47	6.74	
353	66	284.83	159.50	39.88	34.18	28.48	11.39	0.00	8.54	0.00	0.00	0.00	2.85	0.00	
354	32	828.13	91.09	41.41	265.00	8.28	132.50	66.25	91.09	16.56	66.25	8.28	24.84	8.28	
355	1	313.24	97.11	6.26	15.66	72.05	3.13	6.26	6.26	0.00	37.59	25.06	3.13	9.40	
356	4	266.38	103.89	55.94	26.64	10.66	13.32	2.66	5.33	18.65	2.66	13.32	5.33	2.66	
357	22	289.90	75.38	84.07	60.88	5.80	20.29	14.50	8.70	2.90	5.80	8.70	2.90	0.00	
358	6	518.43	311.06	103.69	15.55	20.74	15.55	15.55	10.37	10.37	5.18	5.18	0.00	5.18	
359	46	576.88	98.07	138.45	201.91	40.38	40.38	5.77	5.77	28.84	0.00	5.77	0.00	5.77	
360	32	596.45	196.83	95.43	29.82	83.50	107.36	11.93	11.93	0.00	11.93	17.89	5.96	5.96	
361	35	53.43	18.17	13.36	5.88	8.01	3.21	3.21	0.53	0.00	0.53	0.00	0.00	0.53	
362	68	420.38	147.13	37.83	84.08	29.43	42.04	37.83	12.61	12.61	4.20	4.20	0.00	0.00	
363	14	766.11	452.00	45.97	91.93	68.95	7.66	30.64	45.97	15.32	0.00	7.66	0.00	0.00	
364	0	373.05	175.33	78.34	22.38	48.50	18.65	3.73	14.92	3.73	0.00	0.00	0.00	3.73	
365	46	293.84	67.58	0.00	41.14	58.77	44.08	11.75	11.75	23.51	8.82	14.69	0.00	5.88	
366	44	202.93	44.64	28.41	46.67	36.53	18.26	8.12	4.06	2.03	2.03	4.06	0.00	4.06	
367	53	921.14	488.20	165.81	165.81	0.00	9.21	46.06	18.42	0.00	9.21	9.21	0.00	0.00	
368	42	478.62	229.74	38.29	105.30	52.65	19.14	4.79	19.14	0.00	4.79	0.00	4.79	0.00	
369	53	316.78	53.85	22.17	101.37	3.17	41.18	6.34	15.84	9.50	9.50	9.50	3.17	19.01	
370	38	271.36	62.41	40.70	16.28	10.85	70.55	2.71	0.00	35.28	2.71	19.00	2.71	5.43	
371	9	363.09	94.40	7.26	50.83	14.52	29.05	36.31	3.63	76.25	0.00	10.89	10.89	10.89	
372	73	707.16	226.29	148.50	14.14	127.29	56.57	56.57	14.14	0.00	14.14	14.14	21.21	7.07	
373	27	694.30	55.54	201.35	173.58	55.54	13.89	48.60	76.37	0.00	6.94	27.77	6.94	0.00	
374	51	539.27	53.93	102.46	59.32	91.68	75.50	43.14	5.39	37.75	43.14	10.79	5.39	5.39	
375	71	174.90	75.21	26.24	15.74	24.49	0.00	15.74	10.49	1.75	1.75	1.75	1.75	0.00	
376	51	293.63	32.30	8.81	99.83	17.62	32.30	2.94	32.30	2.94	23.49	8.81	11.75	8.81	
377	37	197.30	11.84	110.49	13.81	13.81	1.97	11.84	13.81	0.00	11.84	5.92	1.97	0.00	
378	19	730.08	423.45	167.92	36.50	0.00	36.50	14.60	14.60	0.00	7.30	21.90	0.00	0.00	
379	41	188.73	37.75	16.99	45.29	43.41	9.44	11.32	9.44	5.66	0.00	5.66	1.89	1.89	
380	36	33.12	5.63	11.92	6.62	2.65	2.65	0.00	0.66	0.33	0.66	0.99	0.66	0.00	
381	38	901.02	135.15	36.04	207.24	234.27	72.08	135.15	9.01	45.05	9.01	9.01	0.00	9.01	
382	63	36.62	2.56	8.79	8.42	6.23	2.20	2.20	0.73	1.46	1.10	1.46	1.10	0.37	
383	39	894.46	286.23	62.61	116.28	53.67	116.28	107.34	80.50	26.83	8.94	8.94	8.94	8.94	
384	28	933.81	158.75	270.80	140.07	9.34	28.01	93.38	56.03	112.06	9.34	0.00	9.34	9.34	
385	58	521.49	57.36	245.10	15.64	93.87	41.72	26.07	10.43	20.86	0.00	5.21	0.00	5.21	
386	14	909.60	181.92	218.30	181.92	9.10	45.48	54.58	63.67	18.19	9.10	81.86	18.19	9.10	
387	0	743.67	290.03	163.61	29.75	81.80	7.44	7.44	66.93	44.62	29.75	0.00	7.44	7.44	
388	41	337.29	121.42	57.34	47.22	13.49	50.59	3.37	3.37	6.75	13.49	6.75	3.37	6.75	
389	7	272.00	21.76	24.48	38.08	5.44	38.08	68.00	8.16	40.80	10.88	8.16	5.44	0.00	
390	53	31.91	4.79	4.47	1.28	7.66	1.91	5.42	0.32	0.32	1.91	0.00	0.32	2.23	
391	59	976.30	419.81	107.39	156.21	19.53	9.76	87.87	48.82	68.34	29.29	9.76	9.76	0.00	
392	5	272.58	27.26	68.15	5.45	8.18	70.87	0.00	35.44	13.63	0.00	10.90	8.18	5.45	
393	44	853.92	68.31	136.63	42.70	119.55	0.00	76.85	102.47	179.32	42.70	8.54	8.54	42.70	
394	76	165.64	76.19	19.88	18.22	11.59	11.59	11.59	3.31	1.66	4.97	0.00	1.66	0.00	
395	8	345.03	82.81	86.26	69.01	44.85	17.25	3.45	10.35	6.90	10.35	3.45	3.45	0.00	
396	57	487.19	175.39	155.90	53.59	58.46	9.74	4.87	0.00	14.62	4.87	0.00	4.87	0.00	
397	75	615.22	67.67	326.07	116.89	43.07	24.61	12.30	6.15	6.15	6.15	0.00	0.00	0.00	
398	3	532.33	212.93	37.26	37.26	74.53	5.32	90.50	21.29	10.65	15.97	5.32	0.00	10.65	
399	34	952.35	38.09	28.57	171.42	304.75	66.66	209.52	19.05	19.05	38.09	28.57	9.52	0.00	
400	0	118.74	30.87	29.68	0.00	2.37	32.06	9.50	7.12	4.75	1.19	0.00	0.00	0.00	
401	45	422.69	59.18	105.67	101.45	50.72	42.27	4.23	8.45	16.91	12.68	4.23	0.00	12.68	
402	31	704.31	338.07	70.43	98.60	49.30	28.17	49.30	7.04	7.04	7.04	7.04	21.13	14.09	
403	73	850.74	272.24	221.19	110.60	153.13	42.54	8.51	8.51	0.00	0.00	25.52	0.00	0.00	
404	24	335.34	13.41	120.72	36.89	50.30	26.83	26.83	23.47	6.71	16.77	6.71	3.35	3.35	
405	8	400.16	140.06	44.02	24.01	60.02	4.00	48.02	8.00	16.01	12.00	24.01	4.00	0.00	
406	18	646.06	226.12	187.36	77.53	90.45	12.92	19.38	12.92	6.46	6.46	6.46	0.00	0.00	
407	36	83.89	40.27	9.23	7.55	3.36	5.87	10.07	2.52	0.84	2.52	0.00	0.84	0.00	
408	31	480.55	201.83	96.11	9.61	67.28	33.64	19.22	9.61	28.83	0.00	4.81	4.81	4.81	
409	15	385.58	219.78	38.56	38.56	15.42	7.71	11.57	7.71	0.00	3.86	11.57	3.86	0.00	
410	42	549.64	181.38	54.96	49.47	43.97	21.99	98.93	38.47	27.48	16.49	5.50	0.00	5.50	
411	55	469.68	248.93	56.36	14.09	75.15	32.88	0.00	23.48	14.09	0.00	4.70	0.00	0.00	
412	40	310.68	31.07	3.11	90.10	40.39	21.75	71.46	21.75	9.32	6.21	9.32	3.11	0.00	
413	42	753.29	0.00	37.66	429.38	105.46	37.66	37.66	52.73	15.07	7.53	22.60	0.00	0.00	
414	9	456.57	187.19	4.57	146.10	36.53	18.26	31.96	9.13	9.13	0.00	9.13	4.57	0.00	
415	42	640.84	269.15	32.04	96.13	57.68	25.63	64.08	38.45	6.41	19.23	6.41	0.00	0.00	
416	63	807.77	72.70	226.18	48.47	145.40	121.17	24.23	56.54	16.16	8.08	32.31	16.16	24.23	
417	65	135.97	40.79	5.44	9.52	6.80	5.44	9.52	19.04	16.32	13.60	5.44	2.72	1.36	
418	32	351.13	31.60	14.05	14.05	3.51	38.62	73.74	7.02	17.56	17.56	66.71	7.02	35.11	
419	12	669.27	247.63	160.62	6.69	40.16	0.00	46.85	6.69	60.23	46.85	26.77	6.69	13.39	
420	5	790.61	419.02	63.25	47.44	47.44	86.97	39.53	23.72	31.62	7.91	15.81	0.00	0.00	
421	3	561.79	252.81	140.45	22.47	50.56	11.24	5.62	22.47	22.47	22.47	5.62	5.62	0.00	
422	75	446.13	26.77	107.07	182.91	26.77	31.23	44.61	8.92	0.00	4.46	4.46	4.46	4.46	
423	54	3.05	0.03	0.09	0.18	0.67	0.12	0.86	0.64	0.18	0.09	0.09	0.00	0.03	
424	7	129.43	36.24	49.19	27.18	1.29	6.47	3.88	2.59	0.00	1.29	1.29	0.00	0.00	
425	44	597.86	17.94	191.32	131.53	107.62	29.89	41.85	23.91	29.89	5.98	0.00	0.00	0.00	
426	72	762.02	441.97	15.24	60.96	0.00	68.58	30.48	76.20	30.48	22.86	7.62	7.62	0.00	
427	23	442.25	110.56	106.14	8.84	8.84	123.83	35.38	0.00	8.84	17.69	4.42	13.27	0.00	
428	10	796.52	446.05	55.76	95.58	7.97	87.62	31.86	7.97	23.90	15.93	7.97	7.97	7.97	
429	31	259.69	106.47	31.16	38.95	46.74	5.19	10.39	5.19	7.79	2.60	0.00	0.00	2.60	
430	21	823.92	24.72	90.63	156.55	205.98	82.39	107.11	65.91	32.96	24.72	8.24	16.48	8.24	
431	27	470.56	56.47	159.99	98.82	70.58	9.41	18.82	4.71	32.94	4.71	0.00	4.71	4.71	
432	0	255.43	22.99	40.87	17.88	53.64	12.77	48.53	30.65	12.77	10.22	2.55	0.00	0.00	
433	71	709.25	397.18	106.39	14.18	56.74	0.00	49.65	0.00	0.00	14.18	7.09	35.46	21.28	
434	23	368.58	136.38	55.29	99.52	33.17	14.74	3.69	11.06	3.69	7.37	0.00	3.69	0.00	
435	29	444.39	79.99	48.88	155.54	17.78	13.33	44.44	17.78	22.22	13.33	13.33	13.33	4.44	
436	70	805.94	40.30	193.43	209.55	201.49	40.30	56.42	0.00	16.12	0.00	16.12	24.18	8.06	
437	11	120.70	65.18	18.10	6.03	15.69	3.62	6.03	3.62	1.21	1.21	0.00	0.00	0.00	
438	23	364.17	101.97	21.85	98.33	32.78	14.57	29.13	14.57	18.21	0.00	3.64	10.93	7.28	
439	12	919.16	64.34	321.71	193.02	73.53	55.15	119.49	27.57	0.00	0.00	27.57	9.19	0.00	
440	40	459.82	78.17	73.57	110.36	119.55	22.99	13.79	13.79	9.20	4.60	4.60	4.60	4.60	
441	6	542.90	38.00	184.58	21.72	76.01	43.43	108.58	16.29	21.72	21.72	0.00	5.43	0.00	
442	30	401.02	28.07	44.11	104.27	124.32	52.13	16.04	12.03	12.03	4.01	0.00	4.01	0.00	
443	63	764.82	229.45	15.30	145.32	206.50	53.54	15.30	38.24	22.94	15.30	7.65	0.00	7.65	
444	16	724.04	57.92	130.33	72.40	14.48	43.44	72.40	188.25	86.89	0.00	14.48	21.72	7.24	
445	20	131.85	46.15	9.23	30.33	18.46	11.87	7.91	2.64	1.32	0.00	0.00	0.00	2.64	
446	47	609.85	91.48	30.49	85.38	54.89	103.67	30.49	24.39	109.77	30.49	12.20	12.20	6.10	
447	20	688.38	385.49	41.30	110.14	20.65	27.54	20.65	13.77	27.54	20.65	0.00	6.88	6.88	
448	74	313.93	87.90	31.39	84.76	40.81	3.14	25.11	9.42	0.00	15.70	3.14	6.28	3.14	
449	3	763.96	313.22	45.84	99.31	91.68	15.28	30.56	38.20	61.12	22.92	30.56	7.64	7.64	
450	3	706.35	49.44	21.19	183.65	14.13	233.09	91.82	56.51	0.00	14.13	14.13	7.06	7.06	
451	45	340.69	95.39	57.92	30.66	27.26	10.22	34.07	30.66	20.44	3.41	10.22	3.41	0.00	
452	73	307.70	116.92	110.77	27.69	15.38	0.00	9.23	12.31	9.23	3.08	0.00	0.00	0.00	
453	66	772.30	177.63	54.06	208.52	92.68	54.06	100.40	46.34	0.00	23.17	7.72	0.00	7.72	
454	42	547.39	125.90	197.06	98.53	76.64	0.00	10.95	5.47	21.90	5.47	0.00	5.47	0.00	
455	72	338.31	40.60	175.92	27.06	23.68	3.38	10.15	0.00	13.53	13.53	20.30	6.77	0.00	
456	38	587.02	246.55	5.87	46.96	5.87	146.75	41.09	46.96	5.87	17.61	17.61	5.87	0.00	
457	68	373.48	194.21	37.35	41.08	22.41	7.47	0.00	11.20	18.67	11.20	18.67	7.47	3.73	
458	25	713.75	285.50	99.93	28.55	14.28	121.34	49.96	7.14	35.69	28.55	21.41	14.28	7.14	
459	31	277.93	105.61	33.35	5.56	8.34	63.92	16.68	27.79	2.78	8.34	2.78	0.00	2.78	
460	71	584.90	152.07	157.92	58.49	52.64	64.34	40.94	23.40	23.40	0.00	5.85	0.00	0.00	
461	59	271.38	151.97	43.42	24.42	5.43	16.28	2.71	8.14	2.71	8.14	0.00	0.00	2.71	
462	76	107.89	10.79	10.79	38.84	26.97	6.47	8.63	1.08	3.24	0.00	0.00	0.00	0.00	
463	16	162.19	27.57	14.60	38.93	42.17	3.24	12.98	8.11	8.11	4.87	1.62	0.00	0.00	
464	25	382.73	7.65	91.86	0.00	91.86	61.24	57.41	42.10	15.31	11.48	3.83	0.00	0.00	
465	10	937.06	431.05	159.30	187.41	18.74	0.00	74.96	28.11	9.37	0.00	9.37	9.37	9.37	
466	36	373.00	26.11	48.49	26.11	55.95	100.71	41.03	26.11	3.73	0.00	3.73	3.73	11.19	
467	11	589.76	330.27	106.16	5.90	58.98	5.90	11.80	29.49	23.59	5.90	5.90	5.90	0.00	
468	5	62.63	21.92	17.54	7.52	3.13	1.88	5.64	3.13	0.00	0.63	0.63	0.63	0.00	
469	42	170.19	57.86	62.97	10.21	13.62	6.81	1.70	5.11	6.81	0.00	3.40	0.00	1.70	
470	9	100.21	54.11	28.06	7.01	6.01	2.00	2.00	1.00	0.00	0.00	0.00	0.00	0.00	
471	50	591.31	171.48	171.48	82.78	5.91	11.83	59.13	0.00	23.65	35.48	17.74	0.00	0.00	
472	2	929.10	483.13	157.95	176.53	37.16	18.58	18.58	0.00	9.29	0.00	0.00	0.00	0.00	
473	54	747.95	112.19	44.88	14.96	52.36	157.07	142.11	29.92	44.88	14.96	14.96	59.84	14.96	
474	3	296.17	106.62	82.93	5.92	8.88	17.77	35.54	11.85	5.92	2.96	11.85	2.96	2.96	
475	1	114.74	12.62	34.42	22.95	22.95	0.00	3.44	2.29	8.03	2.29	3.44	1.15	1.15	
476	10	766.02	344.71	107.24	7.66	30.64	99.58	53.62	53.62	7.66	38.30	7.66	7.66	7.66	
477	34	260.97	7.83	80.90	0.00	2.61	39.15	10.44	2.61	36.54	15.66	20.88	7.83	2.61	
478	28	431.52	172.61	30.21	81.99	12.95	77.67	25.89	8.63	12.95	4.32	4.32	0.00	0.00	
479	15	879.09	263.73	254.94	61.54	17.58	8.79	96.70	17.58	52.75	61.54	26.37	0.00	8.79	
480	75	690.14	379.58	144.93	34.51	82.82	6.90	27.61	6.90	6.90	0.00	0.00	0.00	0.00	
481	58	623.75	93.56	274.45	37.42	124.75	0.00	6.24	31.19	24.95	12.47	12.47	0.00	0.00	
482	53	583.35	134.17	239.17	116.67	52.50	0.00	17.50	5.83	11.67	5.83	0.00	0.00	0.00	
483	15	626.01	231.62	131.46	37.56	25.04	12.52	56.34	12.52	43.82	18.78	0.00	25.04	6.26	
484	62	401.89	168.80	80.38	8.04	20.09	52.25	4.02	8.04	16.08	4.02	8.04	0.00	0.00	
485	20	228.42	127.91	31.98	18.27	0.00	15.99	2.28	6.85	15.99	4.57	2.28	2.28	0.00	
486	17	720.77	353.18	79.28	28.83	7.21	151.36	0.00	21.62	50.45	14.42	0.00	0.00	7.21	
487	53	700.96	392.54	56.08	70.10	42.06	49.07	56.08	7.01	7.01	0.00	14.02	7.01	0.00	
488	56	717.04	64.53	78.87	14.34	93.22	164.92	50.19	7.17	93.22	14.34	35.85	21.51	43.02	
489	76	285.86	80.04	71.46	42.88	2.86	20.01	31.44	0.00	11.43	8.58	5.72	5.72	2.86	
490	69	62.68	21.94	3.76	13.79	10.66	0.00	7.52	1.25	1.25	0.63	0.00	0.00	0.63	
491	14	393.51	133.79	7.87	15.74	125.92	19.68	19.68	15.74	0.00	3.94	31.48	3.94	7.87	
492	28	189.59	43.61	30.33	7.58	54.98	17.06	13.27	1.90	13.27	1.90	1.90	1.90	0.00	
493	55	567.16	238.21	96.42	119.10	22.69	11.34	45.37	5.67	5.67	5.67	0.00	5.67	0.00	
494	48	660.42	105.67	99.06	231.15	46.23	6.60	26.42	66.04	19.81	19.81	13.21	0.00	0.00	
495	3	556.79	178.17	44.54	27.84	72.38	44.54	89.09	0.00	5.57	11.14	16.70	5.57	38.98	
496	15	406.89	170.89	73.24	65.10	32.55	8.14	12.21	12.21	4.07	16.28	4.07	4.07	4.07	
497	23	521.08	119.85	26.05	130.27	135.48	0.00	5.21	5.21	20.84	0.00	31.26	10.42	5.21	
498	22	925.26	490.39	27.76	240.57	0.00	37.01	83.27	9.25	9.25	9.25	9.25	0.00	0.00	
499	9	710.81	0.00	142.16	106.62	35.54	142.16	78.19	49.76	0.00	28.43	28.43	35.54	7.11	
