# Number of bugs (N)
100
#Número de bugs selecionados:
30
# Votes of each bug
89 44 83 20 32 55 23 96 21 92 41 97 16 22 63 96 61 51 41 89 90 44 2 58 65 48 54 45 58 4 5 82 79 51 75 81 49 40 72 22 18 52 18 97 23 28 44 51 86 81 69 57 61 83 96 76 56 29 29 23 45 35 55 28 43 31 78 92 89 78 7 84 39 35 41 84 92 9 64 71 83 72 37 75 23 98 11 76 8 86 45 82 41 47 46 66 64 23 22 31
# Priority of each bug
0.1 0.2 0.6 1.0 0.6 0.8 1.0 1.0 0.6 0.4 0.8 1.0 0.1 0.8 1.0 0.6 0.4 0.6 0.3 0.4 0.2 0.2 0.2 1.0 1.0 0.2 0.2 0.4 0.2 0.8 0.2 0.4 0.4 0.6 0.6 0.2 0.4 0.6 0.6 0.6 0.8 0.2 0.8 0.6 0.4 0.2 0.8 0.6 0.2 0.8 0.6 0.4 0.6 0.8 0.6 0.6 0.4 0.2 0.6 1.0 0.6 0.8 0.8 1.0 0.6 1.0 0.6 0.6 0.9 0.4 0.8 0.5 0.6 1.0 0.8 0.4 0.4 0.2 0.4 0.4 0.6 0.2 0.2 0.4 0.6 0.8 1 0.2 0.4 0.8 0.2 1 0.4 1 0.4 0.2 1 0.4 0.2 0.6
# Severity of each bug
0.4 0.4 0.15 0.4 0.55 0.9 0.4 0.4 0.6 0.25 0.25 0.7 0.2 1.0 0.55 0.9 0.7 0.6 0.4 0.4 0.15 0.2 0.15 0.85 0.15 0.2 0.15 0.6 0.6 0.75 0.25 0.15 0.5 0.9 0.5 0.15 0.75 0.3 0.5 0.7 0.8 0.25 1.0 0.9 0.6 0.1 0.9 0.6 0.15 0.6 0.15 0.4 0.6 0.7 0.3 0.4 0.4 0.4 0.2 0.55 0.4 0.7 0.55 1.0 0.4 0.85 0.4 0.85 1.0 0.25 1.0 0.55 0.4 0.85 0.85 0.25 0.15 0.4 0.4 0.4 0.85 0.4 0.1 0.4 0.85 0.1 0.55 0.1 0.3 0.4 0.15 0.55 0.5 0.4 0.2 0.15 0.55 0.1 0.2 0.4
# Bugs' IDs
1 2 3 4 5 6 7 8 9 10 11 12 13 14 15 16 17 18 19 20 21 22 23 24 25 26 27 28 29 30 31 32 33 34 35 36 37 38 39 40 41 42 43 44 45 46 47 48 49 50 51 52 53 54 55 56 57 58 59 60 61 62 63 64 65 66 67 68 69 70 71 72 73 74 75 76 77 78 79 80 81 82 83 84 85 86 87 88 89 90 91 92 93 94 95 96 97 98 99 100
# Precedences of each bug
0 0 0 0 0 0 0 0 0 0 0 0 0 0 0 0 0 0 0 0 0 0 0 0 0 0 0 0 0 0 0 0 0 0 0 0 0 0 0 0 0 0 0 0 0 0 0 0 0 0 0 0 0 0 0 0 0 0 0 0 0 0 0 0 0 0 0 0 0 0 0 0 0 0 0 0 0 0 0 0 0 0 0 0 0 0 0 0 0 0 0 0 0 0 0 0 0 0 0 0 