15 23 11 7 14 5 34 62 16 24 17 6 2 93 19 3 9 0 75 8 10 37 69 18 20 25 26 21 12 22 
11 15 23 7 14 24 5 16 4 66 19 6 17 2 27 76 9 28 0 3 10 31 18 20 25 26 21 90 12 22 
11 15 23 7 5 14 24 16 93 19 17 29 4 6 3 8 28 0 9 10 2 18 20 35 1 58 26 25 21 22 
11 15 23 7 5 14 13 17 47 6 85 19 3 16 9 24 2 79 27 0 83 10 31 20 1 26 25 21 97 22 
15 11 23 68 7 14 5 40 85 32 93 16 17 19 24 3 4 2 9 27 28 0 6 20 10 83 26 25 21 22 
11 68 7 15 23 49 14 5 24 83 66 16 19 6 3 2 27 0 4 56 10 9 76 31 20 95 21 26 25 82 
15 23 11 63 7 24 14 13 54 67 17 6 96 85 19 9 38 5 3 89 2 0 10 16 20 18 26 25 21 12 
15 11 43 23 7 5 14 66 86 29 17 54 16 19 24 4 2 27 9 6 0 3 10 18 20 1 26 25 21 22 
11 15 23 7 5 53 13 14 85 24 55 16 19 4 6 2 0 9 8 27 3 69 10 18 20 97 26 25 21 22 
11 15 23 14 7 5 46 24 43 17 19 3 2 69 0 6 28 4 9 10 18 1 20 95 41 26 25 21 12 22 
11 15 7 23 5 14 38 85 24 66 6 54 19 3 4 9 83 2 27 10 8 31 0 1 20 48 25 21 26 22 
11 15 23 7 14 5 52 74 24 17 16 34 19 6 3 56 2 92 8 0 10 9 20 18 95 26 25 35 21 22 
15 11 7 14 23 5 61 28 17 54 19 24 6 4 0 2 8 3 9 69 10 50 18 58 20 1 25 26 21 22 
15 11 23 5 7 14 89 24 85 19 29 17 6 16 27 28 3 20 4 2 0 9 10 69 26 25 21 90 12 22 
23 15 11 5 96 43 7 68 19 14 24 16 2 32 28 4 3 6 9 0 10 20 18 1 26 21 25 94 22 45 
11 49 23 14 7 15 5 85 17 24 6 19 16 2 4 3 27 76 9 72 0 10 20 48 1 87 25 26 21 82 
11 15 23 7 5 80 14 24 29 17 19 13 16 47 27 28 6 3 2 9 0 10 20 18 1 50 26 25 21 22 
11 15 23 91 7 5 14 96 16 13 24 17 19 4 6 9 27 3 2 18 8 0 10 20 64 25 26 21 90 22 
11 23 15 7 5 14 49 13 24 16 28 17 19 27 6 3 4 9 2 8 80 0 10 1 20 25 26 21 12 22 
23 11 15 7 5 67 14 17 16 81 52 19 9 24 4 6 79 76 0 2 28 10 18 20 1 25 26 21 12 22 
11 15 23 7 5 14 17 19 16 24 85 2 62 4 6 28 27 3 9 75 69 1 10 31 20 48 25 26 21 22 
11 23 15 7 43 14 13 5 24 16 19 17 28 4 6 27 3 9 2 0 10 37 18 20 94 58 25 26 21 22 
11 15 23 89 7 5 14 19 24 47 16 66 17 37 8 28 4 2 9 10 0 54 20 18 48 1 25 26 21 22 
11 15 23 7 5 14 55 19 24 83 17 3 9 2 16 28 27 6 1 92 0 10 78 18 81 20 25 26 21 22 
11 43 15 23 7 14 89 5 16 24 17 19 29 6 27 2 4 9 28 3 0 81 10 69 20 1 25 26 21 22 
11 15 23 7 14 5 49 91 16 71 17 24 28 6 19 2 9 3 69 4 79 0 60 10 20 1 25 26 50 22 
11 15 7 23 68 53 5 49 14 24 16 17 6 19 3 2 8 37 9 27 0 10 76 18 20 87 25 26 21 22 
15 11 7 23 14 5 93 53 24 16 29 52 17 19 27 6 4 3 9 0 10 2 96 20 18 25 26 21 90 12 
11 68 15 23 5 96 7 14 13 62 93 19 17 24 16 6 3 9 0 10 75 2 18 1 20 95 25 26 21 45 
11 15 23 7 89 14 49 62 16 29 17 19 0 6 5 24 2 3 9 27 4 28 78 10 20 18 25 26 21 82 
