-13.734362934362933 
-14.360231660231658 
-13.948648648648648 
-13.749806949806947 
-13.787644787644783 
-14.145173745173748 
-14.219691119691117 
-14.11081081081081 
-14.11891891891892 
-12.915830115830117 
-13.799999999999999 
-14.322393822393826 
-13.680694980694977 
-14.290733590733593 
-14.439382239382235 
-14.486872586872588 
-14.302316602316601 
-13.80733590733591 
-14.614671814671816 
-13.66563706563706 
-13.107335907335905 
-13.974131274131274 
-14.172586872586875 
-13.982625482625483 
-14.000772200772197 
-13.75984555984556 
-13.719691119691122 
-14.14208494208494 
-14.039382239382237 
-13.92007722007722 
