13 23 5 11 15 29 14 7 17 6 3 8 66 4 24 10 19 18 1 0 9 2 30 25 21 20 35 26 12 22 
23 13 73 11 15 29 14 49 7 8 3 6 4 60 72 24 19 10 54 1 9 2 30 25 21 26 20 12 22 82 
23 13 5 11 59 29 14 7 17 93 6 3 4 24 10 19 18 94 1 9 2 30 25 21 20 26 90 12 22 45 
23 11 5 8 29 14 7 17 3 89 6 4 55 24 10 25 18 19 1 9 37 2 30 50 21 20 26 12 22 87 
13 23 5 11 71 29 14 7 6 8 62 3 4 89 24 10 19 18 2 9 30 25 21 48 97 90 20 26 12 22 
13 23 5 15 29 11 96 7 14 17 6 3 8 54 4 24 10 19 9 2 50 76 30 25 21 98 20 26 12 22 
13 23 11 5 29 14 7 6 17 8 3 60 64 10 24 54 4 19 18 1 9 30 2 69 25 21 20 26 12 22 
63 23 73 13 11 29 14 7 6 93 17 3 4 24 10 18 85 1 9 25 2 50 30 20 21 12 26 22 87 45 
96 23 5 11 29 53 14 7 49 17 6 8 27 4 3 24 10 19 85 1 9 0 2 30 25 21 12 20 26 22 
13 23 14 11 29 93 7 17 6 8 3 27 72 91 24 19 10 83 85 1 2 9 31 30 25 21 20 26 12 22 
13 23 5 11 15 29 14 7 17 6 8 3 4 81 83 24 10 19 18 1 9 0 2 30 25 21 20 26 12 22 
13 23 5 11 15 29 93 59 7 17 6 3 8 4 27 24 10 19 79 94 1 9 2 30 25 21 20 26 12 22 
23 5 13 11 29 14 7 38 17 6 8 3 72 4 60 24 10 19 18 1 88 9 2 30 25 21 20 26 12 22 
23 13 5 11 29 16 14 7 8 6 3 4 24 27 10 85 18 75 1 9 2 30 76 25 21 90 20 26 12 22 
13 23 5 29 11 86 14 7 16 6 17 8 3 4 24 19 10 18 85 1 9 2 30 25 21 20 26 12 22 87 
23 40 5 11 29 91 14 17 62 7 6 8 3 4 24 10 19 1 75 9 2 31 30 25 21 20 95 26 12 22 
13 23 5 11 15 29 14 91 7 16 6 8 4 3 24 19 37 0 10 18 1 9 2 30 25 21 20 26 12 22 
23 11 29 5 86 14 7 17 6 3 71 4 55 24 10 19 18 1 69 77 9 30 2 25 21 26 20 48 12 22 
13 5 23 11 15 29 14 86 7 17 6 3 24 10 19 58 1 0 85 2 94 9 50 25 21 20 26 12 22 82 
13 23 5 74 11 29 14 7 91 17 6 8 4 3 38 24 10 19 18 85 2 9 69 50 25 21 20 26 12 22 
23 5 11 40 59 29 14 93 96 7 17 6 3 24 10 18 9 1 2 50 30 25 21 98 97 90 20 26 12 22 
13 23 5 11 15 29 14 7 67 17 6 3 56 4 24 10 19 37 1 9 2 30 21 25 98 20 95 26 12 22 
91 23 5 11 29 14 17 7 3 55 62 6 4 66 89 24 10 19 37 18 9 99 2 30 25 21 20 26 12 22 
13 23 5 11 29 49 14 86 7 17 6 8 3 10 24 78 19 1 9 2 50 76 31 30 25 21 20 26 90 22 
23 5 11 14 49 15 93 7 62 86 6 3 30 19 24 10 18 1 9 0 2 76 25 21 20 22 95 26 90 12 
23 13 5 11 15 29 14 7 17 6 3 4 66 19 24 10 18 9 1 94 2 30 25 21 98 20 26 12 22 82 
13 23 5 11 29 14 86 15 7 17 62 6 3 4 24 10 19 9 2 69 50 30 25 21 20 48 12 26 22 45 
13 23 5 15 11 29 14 7 6 17 8 3 24 75 19 10 54 85 9 2 41 30 25 21 97 98 20 35 12 26 
23 13 5 11 15 91 29 14 17 7 6 3 4 19 27 24 10 9 30 2 94 25 21 97 20 48 35 26 12 22 
13 11 15 23 29 14 7 17 6 3 4 34 72 24 10 54 19 18 85 9 2 98 25 21 20 26 22 87 45 82 
