85 11 15 7 9 43 0 20 19 24 2 83 14 16 28 23 5 62 26 17 41 25 27 21 1 18 10 61 4 6 
11 15 9 7 54 76 20 0 19 75 71 2 24 53 81 14 16 23 28 5 26 25 17 27 21 34 1 10 46 18 
11 7 15 9 54 20 19 0 71 2 87 83 14 24 16 28 23 5 53 26 17 25 51 27 1 21 10 18 72 4 
11 7 43 15 9 20 19 0 2 24 69 89 87 14 16 23 28 5 26 17 25 27 60 21 1 18 10 4 82 6 
11 15 7 9 76 20 0 19 89 71 2 24 14 16 28 23 5 26 34 17 25 36 21 47 94 60 27 1 18 10 
11 7 43 9 15 67 20 19 0 75 2 24 66 14 16 81 28 23 5 62 26 17 36 25 27 21 41 1 49 10 
11 15 7 9 20 19 0 2 66 32 50 24 79 14 49 54 16 78 23 28 5 53 17 27 38 26 25 1 71 21 
7 11 15 9 20 0 68 19 2 53 34 91 24 69 38 96 14 16 23 28 5 26 17 25 27 1 21 18 10 72 
11 15 7 9 76 19 20 0 68 89 71 2 66 24 14 16 28 23 62 5 26 17 25 21 27 1 46 10 18 4 
11 15 7 9 20 19 0 2 49 14 24 28 23 16 5 62 26 17 25 1 27 10 21 18 52 4 6 13 8 3 
11 15 7 43 20 9 0 19 24 2 71 34 79 14 50 16 23 28 5 26 17 25 27 21 1 18 10 92 4 13 
85 11 15 7 9 20 0 19 2 53 38 35 14 16 28 68 66 24 55 23 5 41 17 26 25 93 27 21 1 10 
85 11 7 9 15 20 19 0 48 68 2 24 14 16 28 23 5 26 17 25 93 27 1 21 18 92 10 73 4 6 
11 85 7 15 9 19 20 0 43 87 2 49 24 14 66 23 31 28 16 5 17 26 36 25 27 1 21 10 18 61 
11 43 15 7 9 19 20 0 67 75 2 79 89 24 14 34 28 81 16 96 23 5 26 25 17 21 27 1 10 18 
85 7 15 11 9 20 0 19 89 2 80 55 50 24 16 69 71 14 87 5 51 23 28 26 17 25 27 1 21 18 
11 43 7 85 9 20 19 0 55 2 79 89 15 32 24 16 14 28 23 5 26 17 33 25 62 27 1 21 18 10 
11 15 7 9 20 0 19 2 34 91 66 67 24 16 14 23 5 28 87 26 17 93 25 27 21 1 10 18 4 6 
11 7 15 43 76 54 20 9 19 0 85 2 79 24 14 16 28 80 87 17 26 23 5 25 21 27 1 10 18 92 
11 7 15 9 76 20 19 0 2 24 49 38 16 14 28 91 23 5 26 17 25 36 27 94 21 1 10 18 4 6 
11 15 7 9 20 0 19 2 83 24 14 34 16 23 28 5 17 26 47 36 25 93 27 1 21 18 10 4 6 13 
11 15 7 9 67 0 19 20 68 2 69 80 14 16 35 24 28 23 5 17 26 25 27 1 21 18 10 4 6 13 
11 7 15 9 20 67 19 0 2 69 31 24 43 28 32 55 14 16 26 5 23 17 25 27 21 1 10 18 82 4 
11 7 15 9 67 19 0 20 53 75 2 38 81 16 24 14 28 23 5 56 26 51 17 36 25 27 1 21 10 18 
11 15 7 9 20 0 19 80 2 53 34 31 81 14 24 16 28 5 26 35 23 62 17 25 27 1 21 10 18 49 
11 15 7 67 9 20 0 19 2 78 24 53 32 14 16 23 91 28 5 26 17 25 27 21 10 1 18 4 6 97 
11 15 9 7 20 19 89 0 2 14 38 24 35 23 16 78 28 53 26 17 96 5 25 27 1 21 10 18 4 6 
11 15 9 7 20 0 19 2 69 49 34 80 89 66 23 38 14 24 16 28 5 26 17 25 27 21 1 10 18 4 
11 7 15 54 20 0 19 9 2 89 67 24 49 96 14 16 23 28 5 56 26 17 25 27 1 10 21 18 4 6 
11 15 9 7 20 0 19 2 81 67 24 14 16 23 28 76 80 5 26 17 54 27 1 50 18 25 21 92 10 6 
