29 17 51 27 14 8 7 4 18 6 1 3 0 19 87 41 9 30 10 25 12 21 22 26 48 2 24 20 85 82 
11 44 27 28 17 4 14 7 1 6 18 19 3 0 10 9 41 30 98 21 12 35 76 25 24 22 20 26 50 2 
7 11 17 8 27 4 1 14 3 18 19 0 6 9 10 30 69 41 21 12 25 20 26 95 24 2 22 87 45 85 
32 16 11 27 28 14 17 4 34 64 1 0 3 6 19 7 58 30 9 10 21 12 25 90 26 24 2 20 22 97 
11 16 17 28 8 14 27 4 79 3 19 1 18 83 6 7 60 0 30 10 9 25 21 12 26 20 2 48 24 22 
61 5 28 62 4 17 27 75 14 38 19 0 6 7 1 3 10 30 9 94 12 25 21 48 20 2 22 26 24 97 
8 16 27 28 17 4 96 14 86 6 1 7 0 3 19 18 30 10 9 25 12 21 45 20 2 24 26 22 85 87 
17 38 28 27 4 8 14 1 57 3 19 0 7 6 18 55 30 9 10 12 21 25 90 31 48 22 24 26 2 20 
36 29 16 52 17 27 28 14 4 57 0 19 3 1 18 6 7 75 30 10 9 12 21 25 31 26 20 2 22 24 
14 16 28 8 34 38 27 4 83 0 72 18 1 3 7 6 19 9 30 10 21 25 12 50 2 20 26 24 22 82 
29 16 56 28 8 19 0 78 18 66 72 7 6 1 54 41 30 10 9 25 21 12 50 35 31 24 22 20 26 2 
16 27 28 17 72 8 14 4 1 99 0 18 7 79 6 3 19 30 10 9 25 12 76 21 24 2 26 22 20 45 
29 16 17 8 14 27 0 86 4 18 78 7 1 3 6 19 37 30 9 10 98 21 25 12 2 90 26 22 24 20 
8 4 17 28 56 19 78 1 0 7 18 55 6 3 54 30 75 10 9 21 25 12 26 90 20 22 31 48 2 24 
15 16 27 8 83 14 28 4 78 0 57 6 18 3 1 7 19 75 9 30 10 21 12 25 58 2 24 22 26 20 
11 27 28 17 49 47 8 14 96 4 1 7 3 83 6 18 0 19 10 30 9 12 25 21 90 22 26 24 2 20 
23 29 16 11 8 17 28 4 14 64 7 1 18 19 6 3 0 10 41 30 9 25 12 21 22 24 26 2 20 82 
11 13 23 29 16 27 8 17 14 4 3 0 7 18 19 50 1 88 30 10 9 21 25 12 2 20 26 24 95 22 
62 16 11 27 17 76 8 28 14 4 6 18 3 0 1 30 7 19 9 25 10 21 12 2 22 24 26 20 45 97 
23 11 16 8 17 38 27 4 14 7 66 1 0 18 6 19 3 30 10 9 12 58 25 21 2 95 24 22 26 20 
16 11 17 27 34 4 3 19 1 18 7 6 0 37 69 30 10 9 21 25 12 22 35 24 2 26 50 20 85 97 
28 8 11 27 17 14 4 0 89 7 6 3 19 1 18 88 10 30 9 25 94 21 98 12 48 2 24 26 20 22 
23 11 8 28 3 27 14 4 59 7 0 1 6 88 18 19 9 30 10 98 12 21 25 76 24 2 26 22 20 85 
29 16 17 28 8 14 4 6 19 18 81 3 0 1 30 10 9 12 21 76 25 95 2 20 26 24 22 82 35 85 
11 27 17 28 14 8 7 1 19 0 18 6 3 37 10 21 30 9 94 12 35 25 26 2 24 20 22 45 97 85 
15 23 11 16 17 28 27 14 4 0 18 1 7 19 3 6 30 10 9 58 25 21 12 48 95 24 2 26 22 20 
5 29 16 27 17 4 14 72 7 19 3 6 95 18 0 99 10 41 9 30 98 21 25 12 2 22 20 26 24 45 
29 8 4 17 14 54 27 7 19 6 18 1 3 0 41 30 9 95 10 98 21 25 12 26 24 22 31 2 20 45 
28 8 14 4 19 6 7 0 81 64 3 1 18 54 9 10 30 12 25 21 48 35 24 2 20 22 26 85 82 87 
14 8 4 27 76 59 3 19 18 93 6 7 56 0 1 75 9 10 30 98 25 95 21 12 58 22 24 26 2 20 
