11 6 7 3 14 23 24 93 68 59 63 10 29 13 5 40 8 4 15 17 60 2 16 27 19 9 22 1 26 79 
23 24 14 6 7 11 3 63 5 89 13 10 29 43 53 17 15 8 4 38 2 37 16 19 27 9 18 25 1 28 
23 7 3 24 6 86 11 14 73 5 13 10 29 46 42 17 4 2 8 34 15 66 47 55 9 27 16 19 18 22 
23 11 7 6 24 14 3 96 63 5 13 10 29 43 4 62 52 17 64 2 15 84 61 8 27 19 16 9 18 21 
23 6 14 11 7 24 3 96 93 73 13 10 29 5 15 2 8 4 60 39 50 17 19 9 16 27 18 22 1 21 
7 3 24 14 23 11 93 91 6 5 13 29 10 46 4 2 15 64 72 8 17 27 19 16 58 9 18 56 28 21 
24 3 23 7 11 14 6 5 29 10 13 53 2 4 15 17 8 27 19 44 16 9 18 26 28 20 21 1 30 25 
23 24 14 6 7 11 3 93 65 13 5 29 10 8 15 17 55 49 2 4 58 63 66 27 16 9 19 18 26 30 
24 23 6 11 14 7 3 59 5 29 10 13 70 8 2 17 4 15 43 52 80 9 97 44 31 19 83 53 16 27 
6 3 23 11 14 24 65 7 86 73 5 13 53 29 49 10 62 84 2 58 17 15 38 4 8 55 39 9 16 27 
14 24 11 23 7 3 6 13 65 5 10 29 85 15 2 4 8 37 17 64 27 97 9 16 19 40 18 28 1 20 
23 24 11 14 6 3 7 59 63 5 10 29 13 85 49 8 55 15 2 17 34 4 16 27 9 19 75 18 1 28 
24 7 11 3 23 14 6 13 29 10 5 72 42 2 4 17 8 40 15 9 54 74 71 19 16 44 27 85 18 28 
7 6 3 24 14 65 11 23 5 40 10 89 13 29 74 15 2 8 17 4 43 27 16 19 44 9 18 94 59 58 
24 23 6 86 7 73 3 11 14 65 29 10 13 5 8 15 17 4 80 50 2 33 64 16 19 9 27 18 21 22 
11 6 3 14 24 23 7 91 68 5 29 13 10 15 4 61 8 2 17 37 16 40 75 27 19 18 9 21 28 22 
6 7 11 23 3 14 73 24 68 10 5 29 13 42 2 17 8 4 15 84 9 19 97 70 27 79 21 1 16 18 
6 14 7 24 3 23 11 63 91 96 29 46 5 10 53 13 49 2 60 15 17 8 4 80 19 27 9 16 18 21 
23 3 24 7 14 11 59 6 13 5 10 29 4 2 8 17 15 71 19 27 16 9 75 79 18 20 26 28 30 22 
14 11 6 3 7 24 23 85 29 5 13 10 49 53 40 4 8 17 2 15 27 97 9 19 16 18 26 25 28 20 
23 14 7 6 3 24 11 5 10 29 13 62 8 17 70 2 39 4 15 19 16 27 9 51 69 18 21 20 25 1 
24 23 14 11 6 3 7 91 65 13 10 5 29 49 62 4 33 15 2 8 52 60 17 9 16 31 19 27 32 18 
6 24 7 23 3 63 11 14 86 91 93 29 13 10 96 89 5 4 59 15 2 8 64 17 47 27 16 71 19 9 
24 3 11 6 7 14 23 68 29 13 5 10 8 15 17 2 4 37 67 60 16 9 19 51 32 93 18 22 27 20 
14 11 3 24 93 23 6 7 13 68 5 89 62 29 10 2 17 15 8 4 19 27 9 51 16 75 18 25 1 20 
7 3 14 6 24 11 23 96 13 5 10 29 2 39 84 47 68 34 67 17 66 15 8 72 4 27 16 19 9 18 
24 3 14 6 23 7 11 13 5 29 10 49 15 2 4 17 43 8 84 34 9 16 19 27 18 22 1 67 20 28 
6 14 24 7 3 23 11 96 13 5 29 73 10 85 62 15 8 4 17 2 9 27 16 78 19 32 18 1 22 28 
3 7 11 23 24 6 14 5 10 29 62 13 46 85 2 8 58 39 15 17 4 38 75 9 19 47 16 27 18 22 
3 7 14 6 86 23 24 11 13 59 10 29 53 5 2 42 8 84 17 15 70 4 9 16 19 27 18 25 20 22 
