-328.99999999999994 -9.801930501930501 140.55 
-347.09999999999997 -9.544015444015447 135.8 
-346.29999999999995 -8.851351351351354 126.34999999999998 
-332.29999999999995 -9.644015444015446 126.29999999999998 
-337.5 -9.562548262548258 126.6 
-348.00000000000006 -10.082239382239383 131.75 
-338.8 -9.128957528957526 138.9 
-359.6 -8.774517374517377 120.5 
-349.2999999999999 -10.341312741312741 143.15 
-350.0 -9.566023166023166 131.85000000000002 
-323.0999999999999 -9.802316602316601 145.5 
-342.4 -9.078764478764478 145.25000000000003 
-337.0 -8.854440154440155 141.45000000000002 
-328.19999999999993 -9.304247104247104 127.7 
-341.59999999999997 -8.840926640926641 134.25 
-346.40000000000003 -9.598455598455596 131.55 
-335.00000000000006 -9.933976833976834 146.20000000000002 
-332.6 -9.458687258687258 132.65000000000003 
-343.40000000000003 -9.90926640926641 121.60000000000001 
-358.20000000000005 -9.744401544401544 136.85 
-356.1000000000001 -8.867567567567564 121.35 
-330.2 -9.988416988416986 136.55 
-356.5 -10.371428571428567 139.20000000000002 
-347.80000000000007 -9.521235521235521 127.30000000000001 
-336.40000000000015 -10.731274131274134 124.95 
-327.2999999999999 -9.766795366795364 128.7 
-348.79999999999995 -9.606949806949805 127.7 
-335.6 -10.293050193050195 121.55 
-337.2 -10.049420849420848 126.85000000000002 
-334.90000000000003 -10.27142857142857 116.90000000000002 
