5.127799227799229 
5.171042471042471 
5.484555984555985 
5.382239382239382 
5.148648648648647 
4.708494208494208 
4.705405405405407 
4.693050193050194 
4.705019305019305 
4.962162162162162 
4.8436293436293445 
4.936293436293435 
5.21003861003861 
5.1239382239382225 
4.561776061776063 
5.28030888030888 
5.83050193050193 
4.511196911196913 
5.756756756756757 
4.814671814671816 
5.092277992277991 
4.9023166023166045 
4.41776061776062 
5.041312741312742 
4.9401544401544415 
4.681081081081083 
4.659845559845563 
5.76061776061776 
4.7532818532818535 
5.054054054054054 
