12 0 25 26 20 28 22 21 1 30 18 27 16 19 9 8 36 80 17 15 38 4 99 2 64 13 29 10 5 14 
0 12 28 22 20 77 25 21 26 1 30 82 48 18 9 19 16 45 27 17 60 15 8 4 47 2 5 72 29 13 
12 0 20 22 28 25 21 1 81 30 26 82 45 18 27 36 16 97 78 9 19 69 17 8 15 4 39 2 84 58 
12 0 21 26 1 30 22 25 28 45 20 18 9 16 19 27 56 78 4 15 8 17 2 5 29 10 40 88 13 53 
12 0 21 28 22 26 35 25 20 30 57 1 18 9 16 19 27 79 69 8 4 2 17 15 29 5 13 41 10 11 
12 0 26 21 22 20 1 25 28 30 18 19 97 48 16 27 9 56 95 15 17 8 4 43 80 2 60 38 29 5 
0 12 1 20 25 26 22 30 21 28 41 18 16 9 27 92 19 44 78 8 15 2 17 4 13 10 40 29 5 6 
12 0 22 26 28 1 21 20 87 25 30 82 18 19 88 27 9 16 94 76 8 15 2 17 4 5 13 29 10 68 
12 0 22 20 21 90 25 1 30 28 26 48 18 19 27 9 16 79 4 50 15 75 2 8 34 17 29 10 5 13 
12 0 1 30 21 26 28 20 22 25 18 76 9 19 16 27 43 81 2 17 15 58 8 4 10 5 29 13 23 3 
0 12 20 30 21 28 1 25 26 48 22 95 18 9 27 16 92 69 19 8 15 4 2 17 52 5 10 29 13 89 
12 0 1 57 21 28 22 77 20 26 25 45 30 18 41 27 9 19 75 16 71 17 4 8 80 2 15 13 10 5 
12 0 25 22 20 21 26 30 41 28 1 98 18 16 9 27 19 2 17 67 4 15 8 13 5 29 10 24 7 85 
12 0 30 25 21 20 26 1 28 22 87 98 77 18 16 44 27 19 9 58 4 2 90 17 15 8 50 13 29 5 
12 0 30 22 20 25 1 21 26 28 82 87 18 27 78 16 19 9 17 2 8 4 66 37 15 13 29 5 10 74 
12 0 26 82 22 20 21 1 25 30 95 28 57 18 27 9 19 16 94 79 2 17 8 99 4 66 15 5 29 13 
0 12 22 1 26 21 28 20 25 30 41 18 9 19 27 16 83 17 15 50 4 84 2 8 99 39 29 10 5 13 
0 12 20 22 25 87 26 28 30 1 21 41 45 48 90 82 18 19 81 75 27 9 16 78 92 15 33 8 4 17 
12 0 25 28 20 30 22 1 21 26 48 18 9 57 16 27 88 19 36 8 15 55 4 2 17 52 10 13 5 29 
12 0 1 28 25 20 30 21 26 45 22 77 82 19 35 18 27 69 16 44 9 17 15 4 58 8 2 10 29 5 
0 12 28 22 26 20 87 35 21 30 25 1 90 18 9 19 16 27 8 2 4 64 17 39 15 47 34 72 10 13 
0 12 21 1 22 28 48 20 26 25 30 98 82 18 27 19 9 79 16 97 55 2 15 8 17 4 5 38 13 10 
12 0 26 21 28 1 25 22 20 41 30 90 18 27 9 16 19 92 2 76 15 8 4 17 64 10 13 29 5 14 
0 12 1 20 28 77 25 22 26 21 30 41 18 27 16 9 51 31 19 17 43 2 4 52 15 8 80 33 10 13 
12 0 57 1 20 22 30 21 26 45 25 95 28 18 82 9 27 19 76 94 16 17 8 15 44 2 4 5 13 10 
12 0 20 57 1 28 95 25 22 21 30 26 98 18 27 9 56 16 19 78 2 17 15 8 4 43 13 10 5 29 
0 12 1 28 21 30 25 22 26 20 95 18 9 77 27 32 16 19 15 17 8 2 50 4 89 5 29 10 13 14 
0 12 21 25 22 28 20 30 26 41 1 81 45 18 16 19 27 9 44 71 69 2 4 15 47 8 17 29 5 13 
12 0 25 22 26 28 1 20 30 21 18 27 19 78 16 9 4 60 84 17 8 38 15 2 47 10 29 13 5 7 
0 12 21 30 26 1 25 22 20 28 48 18 9 78 19 69 27 51 16 94 17 4 2 58 52 8 15 5 10 13 
