24 54 21 10 9 7 18 0 3 1 19 51 6 14 4 52 28 27 8 17 11 16 67 29 74 84 23 5 15 13 
20 22 21 10 12 30 9 1 3 0 18 7 63 19 14 4 27 8 17 28 61 16 11 29 23 33 73 5 15 13 
21 25 30 9 7 72 66 18 0 6 1 3 62 14 4 28 8 17 27 39 16 11 29 65 23 67 5 15 68 13 
10 26 9 30 41 51 0 1 6 18 19 7 3 4 14 91 53 27 17 8 28 11 16 29 23 5 15 43 42 13 
9 12 10 6 64 19 0 1 78 3 7 34 17 14 28 27 47 8 53 16 39 73 11 29 23 15 5 70 13 63 
21 10 9 30 7 19 18 6 3 14 38 4 52 62 8 27 49 17 28 53 16 11 29 40 84 5 23 15 13 68 
2 25 12 75 10 30 9 41 3 19 0 6 18 7 32 4 14 28 27 8 17 16 11 39 33 29 23 5 15 13 
24 12 10 30 9 0 19 55 79 3 1 7 18 6 92 4 47 14 17 28 8 27 16 11 29 5 23 15 68 13 
9 7 30 10 0 1 6 52 3 18 19 38 32 4 47 62 14 8 17 28 27 16 11 29 23 46 5 15 68 13 
25 9 30 10 57 89 18 3 67 0 19 6 12 4 14 49 28 17 8 27 47 11 16 29 36 40 5 23 15 13 
10 30 12 89 1 3 0 99 6 18 19 4 14 28 17 27 49 16 29 8 11 36 80 65 23 15 5 68 42 13 
30 54 10 7 57 6 19 1 28 18 4 71 59 36 14 17 8 61 27 11 39 53 16 29 23 65 15 5 42 13 
88 51 21 25 9 7 30 99 19 6 18 3 1 0 34 86 14 4 8 27 28 17 11 16 29 84 23 5 15 13 
22 21 6 25 12 30 9 3 19 18 7 14 1 60 4 44 17 8 28 16 67 27 80 11 29 84 23 5 15 13 
12 30 19 0 55 7 6 1 18 28 92 4 14 39 8 27 44 16 63 17 29 11 65 36 23 15 33 5 68 13 
21 22 30 10 3 6 18 60 64 43 1 19 7 14 71 4 27 8 17 11 28 16 74 29 67 23 5 15 70 13 
24 30 22 25 37 21 9 10 1 18 3 6 7 19 0 71 14 4 28 47 27 17 8 11 16 29 23 15 5 13 
25 21 10 3 30 1 7 6 18 19 0 62 14 17 40 27 53 44 8 28 11 16 67 84 29 23 5 15 68 13 
25 12 9 6 88 18 7 1 0 19 3 92 38 8 14 4 27 17 16 28 61 11 29 33 23 74 43 5 15 13 
78 6 21 10 1 19 79 7 0 18 3 34 4 14 27 17 28 70 8 11 16 36 73 29 40 23 15 5 42 13 
25 30 3 0 7 56 18 6 1 19 4 14 44 49 52 8 27 17 28 53 11 16 29 40 23 33 15 5 70 13 
10 22 12 9 30 1 18 7 19 3 6 0 14 4 27 44 8 17 49 28 11 16 29 84 23 46 5 15 13 42 
22 12 21 30 57 3 89 1 7 0 96 18 19 59 6 14 4 17 28 8 27 16 11 29 65 23 5 15 42 13 
21 78 9 30 10 7 19 0 1 3 18 99 6 32 4 14 27 8 17 28 61 16 11 29 23 80 5 15 70 13 
12 25 30 19 10 6 1 0 7 18 4 14 8 27 17 28 61 11 53 16 29 40 23 43 70 33 5 15 68 13 
0 30 21 1 10 6 53 66 18 92 19 7 14 4 28 8 52 17 27 39 11 16 29 65 23 15 33 5 63 13 
25 19 10 30 9 7 3 6 1 34 0 18 91 14 4 27 8 28 53 17 16 11 29 33 65 23 15 5 70 13 
27 10 30 0 83 6 18 3 1 19 34 7 78 49 4 14 17 52 28 33 8 61 11 16 29 23 74 15 5 13 
2 30 10 1 7 6 57 79 18 3 81 19 0 14 4 27 8 28 17 33 11 16 29 74 23 65 5 15 13 70 
10 9 37 78 30 83 3 18 7 0 1 6 71 19 14 4 27 28 40 8 17 5 11 16 29 84 23 15 42 13 
