170.7 7.24980694980695 -298.0 
173.7 7.39034749034749 -302.85 
171.89999999999998 7.2996138996139 -272.35 
167.79999999999998 6.67915057915058 -297.75 
171.59999999999997 7.393436293436294 -295.1 
180.3 6.85057915057915 -288.54999999999995 
169.6 7.304247104247105 -291.15000000000003 
173.5 7.2992277992278 -308.5 
173.10000000000002 7.3498069498069505 -283.15 
197.60000000000002 7.101544401544402 -311.59999999999997 
171.60000000000005 6.860617760617762 -276.04999999999995 
188.0 7.227027027027029 -266.05 
184.4 7.50888030888031 -301.65 
159.9 6.8378378378378395 -300.7 
179.39999999999995 7.691891891891892 -283.15 
180.0 7.804633204633203 -299.1 
176.40000000000003 7.025868725868726 -288.54999999999995 
190.89999999999998 6.784169884169884 -293.85 
180.70000000000002 7.995366795366796 -269.15 
186.69999999999996 7.344401544401546 -305.5 
173.10000000000002 7.326254826254827 -289.9 
177.3 7.583011583011584 -311.45 
202.60000000000002 6.26023166023166 -306.7 
183.1 7.115057915057915 -307.20000000000005 
196.8 7.075675675675677 -295.7 
178.3 6.708108108108108 -314.59999999999997 
192.0 6.919691119691119 -298.6 
187.3 7.136679536679536 -289.65 
168.5 7.513899613899616 -288.2 
180.49999999999997 7.656370656370657 -293.09999999999997 
