22 12 30 26 21 25 1 58 41 18 10 0 28 20 8 4 27 19 39 17 29 3 16 42 5 14 13 43 23 15 
22 12 21 25 30 26 1 20 18 44 37 3 0 28 27 19 8 4 17 29 2 16 40 33 73 13 53 5 23 15 
22 30 12 21 26 25 45 1 18 58 10 0 3 20 27 28 19 8 9 4 2 29 6 17 16 42 13 5 46 15 
22 12 30 21 26 98 25 1 18 92 57 10 28 0 3 9 8 27 4 19 6 29 16 17 70 42 13 5 23 15 
22 12 30 90 21 26 25 1 95 18 0 9 8 4 3 6 27 28 19 17 29 16 84 13 74 14 5 23 15 11 
22 12 26 21 30 77 25 1 18 10 0 4 9 28 8 40 27 2 3 29 6 19 17 47 70 16 13 5 23 15 
22 12 30 21 82 25 26 18 1 20 92 10 0 3 4 8 27 9 28 29 16 19 17 42 13 73 5 14 23 15 
22 12 30 21 26 25 1 18 10 28 20 0 97 9 6 4 8 27 36 17 29 16 70 42 13 80 14 5 15 23 
22 12 30 21 25 26 1 18 20 0 72 8 10 29 27 47 28 4 36 6 19 16 17 50 84 13 52 5 23 15 
22 12 30 21 26 1 25 18 3 8 0 4 28 6 27 2 19 29 16 17 40 61 13 5 14 80 15 23 68 11 
22 12 26 30 21 25 1 88 20 97 92 18 0 28 4 9 8 3 6 29 10 27 17 16 13 14 65 5 23 15 
22 12 30 21 25 26 1 18 0 58 27 75 8 10 19 3 28 4 6 17 52 29 93 16 40 13 5 23 9 11 
22 12 30 25 21 26 20 18 1 10 78 0 8 27 4 3 6 28 56 17 16 29 13 14 49 5 23 15 43 68 
12 22 30 21 77 26 25 1 57 18 0 92 10 27 28 19 9 4 8 3 16 29 17 61 42 13 74 5 15 23 
22 12 30 21 25 26 1 18 20 9 8 10 0 92 3 4 6 19 27 28 29 17 16 52 13 5 49 53 23 15 
12 22 30 25 21 26 1 18 20 10 0 3 8 9 28 27 16 19 4 2 6 17 40 29 23 70 15 13 5 68 
22 12 26 30 25 98 21 1 18 20 37 27 10 28 0 8 6 9 4 29 84 93 17 59 23 16 74 13 5 68 
22 12 30 21 26 90 25 18 1 10 27 0 8 3 4 28 6 19 29 16 17 39 24 13 65 23 5 14 70 15 
22 12 30 21 25 26 1 20 18 51 9 8 3 4 2 28 0 27 6 24 29 19 17 16 13 5 49 23 15 11 
22 12 30 26 21 1 25 18 20 10 28 9 6 0 3 8 27 4 29 84 47 17 16 13 65 5 67 23 15 11 
22 12 30 21 25 97 26 1 20 18 8 0 3 95 28 6 4 27 17 16 2 19 29 13 46 5 63 15 23 11 
22 12 30 21 25 26 1 18 20 9 64 10 8 0 6 27 4 28 19 16 17 29 61 40 70 42 67 13 15 5 
22 12 30 26 21 25 1 18 37 8 10 3 0 92 27 4 6 28 59 29 47 17 61 16 40 13 5 73 63 23 
22 30 12 21 26 25 57 20 1 18 10 0 3 6 8 28 27 19 4 29 17 16 61 13 5 14 63 23 15 68 
22 12 21 30 25 26 1 18 99 10 0 8 6 3 2 83 27 4 28 19 29 17 16 46 13 63 5 14 23 15 
30 22 12 21 26 25 1 18 51 57 44 28 3 9 19 4 27 8 6 17 29 16 84 33 13 65 73 5 23 15 
22 12 30 21 26 25 1 28 18 37 10 0 3 44 8 19 4 6 27 16 17 29 13 14 5 96 46 23 67 15 
12 22 30 21 25 26 1 18 20 72 99 10 6 3 0 79 4 8 28 27 29 19 17 52 16 13 5 63 23 15 
22 12 30 21 26 25 77 1 18 20 0 19 51 6 8 28 9 4 29 3 27 17 14 16 74 13 5 11 23 15 
22 12 30 21 26 25 1 20 18 10 0 28 9 27 19 8 4 3 6 17 29 42 16 70 13 5 14 7 23 15 
