22 29 30 12 3 8 13 86 6 57 4 72 10 18 1 21 27 25 33 94 17 26 5 28 23 41 16 24 46 14 
22 29 30 12 3 8 13 6 65 98 97 4 61 10 18 1 27 21 25 17 26 5 23 28 16 14 24 2 0 87 
22 29 30 12 3 8 13 6 4 97 82 10 18 21 1 27 25 36 94 17 26 5 23 28 16 14 24 2 19 0 
22 29 30 12 42 86 13 3 8 4 6 10 18 1 21 27 25 26 17 5 23 28 16 14 24 34 2 32 19 0 
22 29 30 12 40 3 8 13 6 61 4 18 59 10 64 21 1 27 93 25 17 26 5 23 28 16 14 24 2 19 
22 29 30 12 3 8 40 6 59 13 4 84 10 61 39 18 21 1 27 25 63 17 26 5 28 23 16 14 24 2 
22 29 30 88 42 12 3 8 13 6 44 63 4 18 10 1 46 21 27 25 94 17 26 5 23 28 16 14 24 2 
22 29 77 30 12 3 88 13 8 6 4 45 37 10 74 18 21 1 46 27 25 17 41 26 28 5 23 16 14 24 
22 29 30 70 42 3 12 13 8 97 6 4 10 18 1 63 21 27 25 17 33 26 99 5 23 28 16 14 24 2 
22 29 30 88 12 3 8 13 6 44 4 72 97 10 18 21 27 1 25 17 26 5 28 23 16 14 96 24 50 2 
22 29 86 30 3 12 8 13 6 63 97 4 72 18 10 21 1 27 93 25 17 26 5 59 62 23 16 28 14 24 
22 29 30 70 12 3 8 13 6 4 98 99 72 18 10 1 21 27 90 25 17 26 5 28 23 16 14 24 95 0 
22 29 30 12 3 8 13 6 97 84 4 61 10 18 92 1 21 27 25 17 26 5 28 23 16 14 24 87 41 2 
22 29 30 12 42 40 3 8 6 13 57 4 18 10 1 21 27 25 17 94 26 5 23 28 16 14 24 34 53 66 
22 30 29 12 40 88 3 8 13 44 59 6 18 4 10 1 64 21 27 94 25 58 17 26 5 28 23 16 14 24 
22 29 30 12 40 3 8 6 13 4 18 73 64 74 1 10 21 27 25 17 33 5 28 26 23 16 14 24 96 2 
22 29 30 12 3 8 13 6 4 10 18 1 21 46 27 17 90 25 41 26 5 28 23 16 14 24 2 19 0 20 
22 29 88 30 12 8 3 13 39 6 4 45 57 82 10 18 1 21 72 64 74 99 27 25 17 26 5 28 23 16 
29 22 30 12 3 8 13 6 4 18 10 21 57 1 27 17 25 26 99 5 28 23 16 14 24 2 19 0 20 9 
22 29 30 12 88 8 13 6 3 4 57 18 10 74 44 82 21 90 1 17 27 25 26 93 56 5 41 23 28 16 
22 29 30 77 12 3 8 13 6 4 82 61 10 18 92 72 1 21 27 25 17 26 5 23 28 16 14 24 31 2 
29 22 30 12 3 8 13 6 44 58 42 4 18 73 10 21 1 27 94 25 17 65 26 5 62 28 23 16 14 24 
22 29 30 77 12 3 42 8 13 6 63 4 99 74 44 10 58 18 1 21 25 27 17 73 26 5 28 23 16 14 
22 29 30 12 86 3 8 13 42 4 6 97 18 21 10 27 1 25 17 93 26 5 28 23 16 14 24 2 19 0 
22 29 30 12 3 13 6 8 97 44 63 4 18 10 92 37 1 21 27 25 45 17 26 23 5 28 16 14 24 66 
22 29 30 3 12 8 40 39 42 6 84 4 18 13 10 92 1 27 21 94 25 60 36 17 26 5 23 28 16 14 
22 29 30 12 3 77 8 6 13 99 84 45 4 18 73 10 92 1 21 27 94 90 17 25 26 5 23 28 16 14 
29 22 30 12 3 8 13 6 4 99 10 18 21 1 46 72 17 26 25 5 23 28 16 14 24 2 19 87 0 20 
22 29 30 12 3 8 88 13 6 65 39 10 42 4 1 37 18 27 21 25 36 17 5 28 26 23 16 24 14 2 
22 29 30 70 12 8 3 13 6 4 82 18 10 1 21 27 25 73 17 26 41 42 5 62 23 28 52 16 14 24 
