-915.0370370370371 22.185185185185187 
-1036.12 19.88 
-1409.111111111111 29.22222222222222 
-649.6410256410256 13.128205128205128 
-733.7647058823529 19.41176470588235 
-1075.695652173913 23.347826086956523 
-1689.5333333333333 40.4 
-734.5454545454545 18.90909090909091 
-2039.75 46.5 
-972.7692307692307 21.115384615384617 
-1314.3157894736842 28.68421052631579 
-1190.55 31.05 
-1388.0555555555557 33.77777777777778 
-1282.1666666666667 34.666666666666664 
-1421.611111111111 30.055555555555557 
-886.5555555555555 16.814814814814813 
-976.04 25.28 
-782.5806451612904 15.516129032258064 
-831.0666666666667 20.033333333333335 
-1466.8823529411766 28.88235294117647 
-801.4516129032259 16.548387096774192 
-1152.9545454545455 24.09090909090909 
-1470.7058823529412 33.64705882352941 
-1267.8947368421052 27.68421052631579 
-2287.181818181818 41.09090909090909 
-629.2051282051282 13.948717948717949 
-2742.4444444444443 55.22222222222222 
-845.1034482758621 19.82758620689655 
-802.6129032258065 17.35483870967742 
-729.4444444444445 15.222222222222221 
